﻿Index,Date,Time,Readings (°C),Readings(%RH),Type
1,2019-08-01,12.00.04,22,1,42,1,
2,2019-08-01,14.00.04,22,0,41,6,
3,2019-08-01,16.00.04,22,0,41,2,
4,2019-08-01,18.00.04,22,0,41,1,
5,2019-08-01,20.00.04,22,0,41,6,
6,2019-08-01,22.00.04,22,0,41,2,
7,2019-08-02,00.00.04,22,0,41,0,
8,2019-08-02,02.00.04,22,0,41,1,
9,2019-08-02,04.00.04,22,0,41,1,
10,2019-08-02,06.00.04,22,0,41,1,
11,2019-08-02,08.00.04,22,0,41,1,
12,2019-08-02,10.00.04,22,0,42,0,
13,2019-08-02,12.00.04,22,0,42,5,
14,2019-08-02,14.00.04,22,0,42,5,
15,2019-08-02,16.00.04,22,0,41,8,
16,2019-08-02,18.00.04,22,0,41,2,
17,2019-08-02,20.00.04,21,9,40,7,
18,2019-08-02,22.00.04,21,9,39,9,
19,2019-08-03,00.00.04,21,9,39,6,
20,2019-08-03,02.00.04,21,9,39,7,
21,2019-08-03,04.00.04,21,9,40,2,
22,2019-08-03,06.00.04,21,9,40,5,
23,2019-08-03,08.00.04,21,9,40,8,
24,2019-08-03,10.00.04,21,9,41,3,
25,2019-08-03,12.00.04,21,9,41,2,
26,2019-08-03,14.00.04,21,9,40,5,
27,2019-08-03,16.00.04,21,8,39,5,
28,2019-08-03,18.00.04,21,8,38,9,
29,2019-08-03,20.00.04,21,8,38,2,
30,2019-08-03,22.00.04,21,8,37,9,
31,2019-08-04,00.00.04,21,8,38,2,
32,2019-08-04,02.00.04,21,8,38,5,
33,2019-08-04,04.00.04,21,8,39,0,
34,2019-08-04,06.00.04,21,8,39,2,
35,2019-08-04,08.00.04,21,8,39,7,
36,2019-08-04,10.00.04,21,8,40,5,
37,2019-08-04,12.00.04,21,8,40,4,
38,2019-08-04,14.00.04,21,8,39,0,
39,2019-08-04,16.00.04,21,7,38,1,
40,2019-08-04,18.00.04,21,7,37,7,
41,2019-08-04,20.00.04,21,7,37,3,
42,2019-08-04,22.00.04,21,7,37,3,
43,2019-08-05,00.00.04,21,7,37,4,
44,2019-08-05,02.00.04,21,7,37,9,
45,2019-08-05,04.00.04,21,7,38,6,
46,2019-08-05,06.00.04,21,7,38,6,
47,2019-08-05,08.00.04,21,7,38,6,
48,2019-08-05,10.00.04,21,7,39,0,
49,2019-08-05,12.00.04,21,7,38,8,
50,2019-08-05,14.00.04,21,8,39,0,
51,2019-08-05,16.00.04,21,8,39,3,
52,2019-08-05,18.00.04,21,8,39,0,
53,2019-08-05,20.00.04,21,8,39,3,
54,2019-08-05,22.00.04,21,8,39,9,
55,2019-08-06,00.00.04,21,8,40,3,
56,2019-08-06,02.00.04,21,8,40,4,
57,2019-08-06,04.00.04,21,8,41,9,
58,2019-08-06,06.00.04,21,8,42,6,
59,2019-08-06,08.00.04,21,9,42,6,
60,2019-08-06,10.00.04,21,9,43,0,
61,2019-08-06,12.00.04,22,0,44,2,
62,2019-08-06,14.00.04,22,1,47,8,
63,2019-08-06,16.00.04,22,1,50,5,
64,2019-08-06,18.00.04,22,2,52,2,
65,2019-08-06,20.00.04,22,2,53,6,
66,2019-08-06,22.00.04,22,2,53,3,
67,2019-08-07,00.00.04,22,2,54,3,
68,2019-08-07,02.00.04,22,2,54,9,
69,2019-08-07,04.00.04,22,2,55,2,
70,2019-08-07,06.00.04,22,2,55,8,
71,2019-08-07,08.00.04,22,3,56,4,
72,2019-08-07,10.00.04,22,3,56,8,
73,2019-08-07,12.00.04,22,3,56,3,
74,2019-08-07,14.00.04,22,3,56,6,
75,2019-08-07,16.00.04,22,3,55,6,
76,2019-08-07,18.00.04,22,4,55,4,
77,2019-08-07,20.00.04,22,3,55,6,
78,2019-08-07,22.00.04,22,3,56,0,
79,2019-08-08,00.00.04,22,3,56,3,
80,2019-08-08,02.00.04,22,3,56,5,
81,2019-08-08,04.00.04,22,3,56,4,
82,2019-08-08,06.00.04,22,3,55,9,
83,2019-08-08,08.00.04,22,3,56,7,
84,2019-08-08,10.00.04,22,3,57,5,
85,2019-08-08,12.00.04,22,4,57,8,
86,2019-08-08,14.00.04,22,4,57,7,
87,2019-08-08,16.00.04,22,4,58,4,
88,2019-08-08,18.00.04,22,4,58,7,
89,2019-08-08,20.00.04,22,4,58,8,
90,2019-08-08,22.00.04,22,4,59,1,
91,2019-08-09,00.00.04,22,4,59,1,
92,2019-08-09,02.00.04,22,3,57,4,
93,2019-08-09,04.00.04,22,3,57,0,
94,2019-08-09,06.00.04,22,3,56,4,
95,2019-08-09,08.00.04,22,3,56,4,
96,2019-08-09,10.00.04,22,3,56,5,
97,2019-08-09,12.00.04,22,5,56,7,
98,2019-08-09,14.00.04,22,6,55,4,
99,2019-08-09,16.00.04,22,6,53,8,
100,2019-08-09,18.00.04,22,6,54,9,
101,2019-08-09,20.00.04,22,6,55,8,
102,2019-08-09,22.00.04,22,5,55,7,
103,2019-08-10,00.00.04,22,4,55,0,
104,2019-08-10,02.00.04,22,4,54,8,
105,2019-08-10,04.00.04,22,4,54,5,
106,2019-08-10,06.00.04,22,4,54,0,
107,2019-08-10,08.00.04,22,4,53,9,
108,2019-08-10,10.00.04,22,4,55,2,
109,2019-08-10,12.00.04,22,4,55,7,
110,2019-08-10,14.00.04,22,4,54,7,
111,2019-08-10,16.00.04,22,4,54,8,
112,2019-08-10,18.00.04,22,3,53,1,
113,2019-08-10,20.00.04,22,3,54,7,
114,2019-08-10,22.00.04,22,4,56,1,
115,2019-08-11,00.00.04,22,4,56,7,
116,2019-08-11,02.00.04,22,4,57,9,
117,2019-08-11,04.00.04,22,5,58,7,
118,2019-08-11,06.00.04,22,4,58,8,
119,2019-08-11,08.00.04,22,4,59,1,
120,2019-08-11,10.00.04,22,4,59,2,
121,2019-08-11,12.00.04,22,4,58,8,
122,2019-08-11,14.00.04,22,4,59,2,
123,2019-08-11,16.00.04,22,5,60,2,
124,2019-08-11,18.00.04,22,5,61,3,
125,2019-08-11,20.00.04,22,5,61,7,
126,2019-08-11,22.00.04,22,5,62,1,
127,2019-08-12,00.00.04,22,5,62,3,
128,2019-08-12,02.00.04,22,5,62,5,
129,2019-08-12,04.00.04,22,5,62,8,
130,2019-08-12,06.00.04,22,5,62,8,
131,2019-08-12,08.00.04,22,5,62,8,
132,2019-08-12,10.00.04,22,5,62,4,
133,2019-08-12,12.00.04,22,5,62,7,
134,2019-08-12,14.00.04,22,5,62,7,
135,2019-08-12,16.00.04,22,5,62,6,
136,2019-08-12,18.00.04,22,5,61,8,
137,2019-08-12,20.00.04,22,5,61,4,
138,2019-08-12,22.00.04,22,4,60,9,
139,2019-08-13,00.00.04,22,4,60,7,
140,2019-08-13,02.00.04,22,4,60,6,
141,2019-08-13,04.00.04,22,4,60,9,
142,2019-08-13,06.00.04,22,4,61,0,
143,2019-08-13,08.00.04,22,4,61,0,
144,2019-08-13,10.00.04,22,4,61,0,
145,2019-08-13,12.00.04,22,4,61,0,
146,2019-08-13,14.00.04,22,4,61,2,
147,2019-08-13,16.00.04,22,4,60,7,
148,2019-08-13,18.00.04,22,4,61,0,
149,2019-08-13,20.00.04,22,4,59,9,
150,2019-08-13,22.00.04,22,3,59,2,
151,2019-08-14,00.00.04,22,3,59,4,
152,2019-08-14,02.00.04,22,3,59,4,
153,2019-08-14,04.00.04,22,4,59,9,
154,2019-08-14,06.00.04,22,4,60,3,
155,2019-08-14,08.00.04,22,5,60,5,
156,2019-08-14,10.00.04,22,6,59,2,
157,2019-08-14,12.00.04,22,7,57,1,
158,2019-08-14,14.00.04,22,7,56,0,
159,2019-08-14,16.00.04,22,7,54,0,
160,2019-08-14,18.00.04,22,6,53,4,
161,2019-08-14,20.00.04,22,5,53,3,
162,2019-08-14,22.00.04,22,4,52,4,
163,2019-08-15,00.00.04,22,4,52,5,
164,2019-08-15,02.00.04,22,3,52,7,
165,2019-08-15,04.00.04,22,3,53,3,
166,2019-08-15,06.00.04,22,3,53,2,
167,2019-08-15,08.00.04,22,2,51,8,
168,2019-08-15,10.00.04,22,2,51,9,
169,2019-08-15,12.00.04,22,2,52,3,
170,2019-08-15,14.00.04,22,2,50,4,
171,2019-08-15,16.00.04,22,1,49,3,
172,2019-08-15,18.00.04,22,1,48,8,
173,2019-08-15,20.00.04,22,1,47,2,
174,2019-08-15,22.00.04,22,0,46,6,
175,2019-08-16,00.00.04,22,1,48,4,
176,2019-08-16,02.00.04,22,1,49,5,
177,2019-08-16,04.00.04,22,1,50,8,
178,2019-08-16,06.00.04,22,1,51,7,
179,2019-08-16,08.00.04,22,2,52,3,
180,2019-08-16,10.00.04,22,2,53,2,
181,2019-08-16,12.00.04,22,2,54,5,
182,2019-08-16,14.00.04,22,2,54,9,
183,2019-08-16,16.00.04,22,2,54,4,
184,2019-08-16,18.00.04,22,2,53,9,
185,2019-08-16,20.00.04,22,1,52,9,
186,2019-08-16,22.00.04,22,2,54,2,
187,2019-08-17,00.00.04,22,2,55,2,
188,2019-08-17,02.00.04,22,2,56,1,
189,2019-08-17,04.00.04,22,2,56,2,
190,2019-08-17,06.00.04,22,2,56,3,
191,2019-08-17,08.00.04,22,2,56,2,
192,2019-08-17,10.00.04,22,2,56,6,
193,2019-08-17,12.00.04,22,3,57,2,
194,2019-08-17,14.00.04,22,3,57,2,
195,2019-08-17,16.00.04,22,3,57,1,
196,2019-08-17,18.00.04,22,3,57,3,
197,2019-08-17,20.00.04,22,3,57,2,
198,2019-08-17,22.00.04,22,3,57,9,
199,2019-08-18,00.00.04,22,3,58,0,
200,2019-08-18,02.00.04,22,3,57,4,
201,2019-08-18,04.00.04,22,2,57,1,
202,2019-08-18,06.00.04,22,2,56,6,
203,2019-08-18,08.00.04,22,2,56,5,
204,2019-08-18,10.00.04,22,2,56,0,
205,2019-08-18,12.00.04,22,2,54,8,
206,2019-08-18,14.00.04,22,2,54,6,
207,2019-08-18,16.00.04,22,2,54,3,
208,2019-08-18,18.00.04,22,1,53,9,
209,2019-08-18,20.00.04,22,1,54,4,
210,2019-08-18,22.00.04,22,2,55,3,
211,2019-08-19,00.00.04,22,2,55,4,
212,2019-08-19,02.00.04,22,2,55,2,
213,2019-08-19,04.00.04,22,2,55,6,
214,2019-08-19,06.00.04,22,2,56,1,
215,2019-08-19,08.00.04,22,2,57,1,
216,2019-08-19,10.00.04,22,2,58,3,
217,2019-08-19,12.00.04,22,3,59,1,
218,2019-08-19,14.00.04,22,4,61,1,
219,2019-08-19,16.00.04,22,4,61,0,
220,2019-08-19,18.00.04,22,4,60,4,
221,2019-08-19,20.00.04,22,3,59,6,
222,2019-08-19,22.00.04,22,3,59,1,
223,2019-08-20,00.00.04,22,3,58,6,
224,2019-08-20,02.00.04,22,2,58,4,
225,2019-08-20,04.00.04,22,3,59,0,
226,2019-08-20,06.00.04,22,3,60,0,
227,2019-08-20,08.00.04,22,3,60,7,
228,2019-08-20,10.00.04,22,3,61,2,
229,2019-08-20,12.00.04,22,3,61,4,
230,2019-08-20,14.00.04,22,4,61,5,
231,2019-08-20,16.00.04,22,3,60,7,
232,2019-08-20,18.00.04,22,3,59,6,
233,2019-08-20,20.00.04,22,3,59,6,
234,2019-08-20,22.00.04,22,3,59,6,
235,2019-08-21,00.00.04,22,3,59,8,
236,2019-08-21,02.00.04,22,3,60,2,
237,2019-08-21,04.00.04,22,3,60,7,
238,2019-08-21,06.00.04,22,3,61,1,
239,2019-08-21,08.00.04,22,3,61,4,
240,2019-08-21,10.00.04,22,3,61,7,
241,2019-08-21,12.00.04,22,4,62,0,
242,2019-08-21,14.00.04,22,4,61,9,
243,2019-08-21,16.00.04,22,6,62,7,
244,2019-08-21,18.00.04,23,0,60,0,
245,2019-08-21,20.00.04,23,0,60,7,
246,2019-08-21,22.00.04,23,2,59,9,
247,2019-08-22,00.00.04,23,2,58,7,
248,2019-08-22,02.00.04,23,2,57,4,
249,2019-08-22,04.00.04,23,2,56,5,
250,2019-08-22,06.00.04,23,0,55,6,
251,2019-08-22,08.00.04,22,7,56,7,
252,2019-08-22,10.00.04,23,2,57,3,
253,2019-08-22,12.00.04,22,6,54,2,
254,2019-08-22,14.00.04,22,6,50,9,
255,2019-08-22,16.00.04,22,9,51,7,
256,2019-08-22,18.00.04,23,0,54,3,
257,2019-08-22,20.00.04,22,8,55,2,
258,2019-08-22,22.00.04,22,9,55,3,
259,2019-08-23,00.00.04,22,9,54,7,
260,2019-08-23,02.00.04,22,9,54,5,
261,2019-08-23,04.00.04,22,9,54,7,
262,2019-08-23,06.00.04,22,9,54,9,
263,2019-08-23,08.00.04,22,6,55,6,
264,2019-08-23,10.00.04,22,6,56,8,
265,2019-08-23,12.00.04,23,4,60,6,
266,2019-08-23,14.00.04,25,2,55,6,
267,2019-08-23,16.00.04,22,8,51,8,
268,2019-08-23,18.00.04,22,4,52,7,
269,2019-08-23,20.00.04,22,4,55,6,
270,2019-08-23,22.00.04,22,2,57,0,
271,2019-08-24,00.00.04,22,1,57,4,
272,2019-08-24,02.00.04,22,1,59,5,
273,2019-08-24,04.00.04,22,2,62,1,
274,2019-08-24,06.00.04,22,1,59,7,
275,2019-08-24,08.00.04,22,1,57,3,
276,2019-08-24,10.00.04,22,1,54,0,
277,2019-08-24,12.00.04,22,2,53,1,
278,2019-08-24,14.00.04,23,8,48,8,
279,2019-08-24,16.00.04,23,2,49,3,
280,2019-08-24,18.00.04,22,7,48,6,
281,2019-08-24,20.00.04,22,4,50,6,
282,2019-08-24,22.00.04,22,1,50,9,
283,2019-08-25,00.00.04,22,5,44,4,
284,2019-08-25,02.00.04,21,8,46,1,
285,2019-08-25,04.00.04,21,6,44,8,
286,2019-08-25,06.00.04,21,4,41,7,
287,2019-08-25,08.00.04,21,1,42,6,
288,2019-08-25,10.00.04,21,4,51,2,
289,2019-08-25,12.00.04,18,8,59,2,
290,2019-08-25,14.00.04,23,2,51,9,
291,2019-08-25,16.00.04,24,8,53,1,
292,2019-08-25,18.00.04,24,6,53,8,
293,2019-08-25,20.00.04,20,5,57,6,
294,2019-08-25,22.00.04,18,5,60,0,
295,2019-08-26,00.00.04,16,9,61,4,
296,2019-08-26,02.00.04,15,5,62,3,
297,2019-08-26,04.00.04,15,8,61,8,
298,2019-08-26,06.00.04,16,1,61,1,
299,2019-08-26,08.00.04,16,6,60,9,
300,2019-08-26,10.00.04,18,9,73,4,
301,2019-08-26,12.00.04,18,6,76,7,
302,2019-08-26,14.00.04,18,9,73,3,
303,2019-08-26,16.00.04,19,4,72,7,
304,2019-08-26,18.00.04,20,7,71,7,
305,2019-08-26,20.00.04,18,1,79,4,
306,2019-08-26,22.00.04,15,4,86,9,
307,2019-08-27,00.00.04,12,1,89,7,
308,2019-08-27,02.00.04,10,3,93,9,
309,2019-08-27,04.00.04,8,6,92,9,
310,2019-08-27,06.00.04,7,7,95,0,
311,2019-08-27,08.00.04,9,7,97,8,
312,2019-08-27,10.00.04,18,9,72,4,
313,2019-08-27,12.00.04,23,1,59,6,
314,2019-08-27,14.00.04,24,4,55,6,
315,2019-08-27,16.00.04,24,5,55,6,
316,2019-08-27,18.00.04,23,7,55,6,
317,2019-08-27,20.00.04,19,5,74,2,
318,2019-08-27,22.00.04,14,8,84,5,
319,2019-08-28,00.00.04,13,0,93,1,
320,2019-08-28,02.00.04,12,8,92,6,
321,2019-08-28,04.00.04,10,0,92,7,
322,2019-08-28,06.00.04,9,8,96,2,
323,2019-08-28,08.00.04,14,1,92,0,
324,2019-08-28,10.00.04,19,3,74,1,
325,2019-08-28,12.00.04,24,5,56,1,
326,2019-08-28,14.00.04,25,0,56,6,
327,2019-08-28,16.00.04,24,9,57,3,
328,2019-08-28,18.00.04,25,2,52,5,
329,2019-08-28,20.00.04,20,9,73,4,
330,2019-08-28,22.00.04,19,5,73,1,
331,2019-08-29,00.00.04,18,0,76,1,
332,2019-08-29,02.00.04,14,7,87,4,
333,2019-08-29,04.00.04,13,0,90,0,
334,2019-08-29,06.00.04,12,1,95,1,
335,2019-08-29,08.00.04,13,3,97,4,
336,2019-08-29,10.00.04,19,8,78,5,
337,2019-08-29,12.00.04,24,2,62,4,
338,2019-08-29,14.00.04,24,9,56,6,
339,2019-08-29,16.00.04,24,8,50,8,
340,2019-08-29,18.00.04,24,0,50,6,
341,2019-08-29,20.00.04,21,1,58,7,
342,2019-08-29,22.00.04,18,2,72,0,
343,2019-08-30,00.00.04,17,0,79,8,
344,2019-08-30,02.00.04,15,3,85,7,
345,2019-08-30,04.00.04,14,9,94,6,
346,2019-08-30,06.00.04,15,2,96,5,
347,2019-08-30,08.00.04,15,4,97,7,
348,2019-08-30,10.00.04,16,5,98,3,
349,2019-08-30,12.00.04,17,5,98,3,
350,2019-08-30,14.00.04,18,6,96,7,
351,2019-08-30,16.00.04,20,1,89,2,
352,2019-08-30,18.00.04,18,6,87,3,
353,2019-08-30,20.00.04,16,0,93,4,
354,2019-08-30,22.00.04,13,2,92,4,
355,2019-08-31,00.00.04,12,5,92,6,
356,2019-08-31,02.00.04,11,7,95,6,
357,2019-08-31,04.00.04,10,4,95,7,
358,2019-08-31,06.00.04,10,8,98,9,
359,2019-08-31,08.00.04,12,8,99,0,
360,2019-08-31,10.00.04,17,1,79,4,
361,2019-08-31,12.00.04,20,9,63,2,
362,2019-08-31,14.00.04,21,7,61,9,
363,2019-08-31,16.00.04,21,8,58,4,
364,2019-08-31,18.00.04,20,9,62,1,
365,2019-08-31,20.00.04,18,2,72,3,
366,2019-08-31,22.00.04,15,2,85,0,
367,2019-09-01,00.00.04,14,6,82,1,
368,2019-09-01,02.00.04,13,4,89,1,
369,2019-09-01,04.00.04,12,8,94,1,
370,2019-09-01,06.00.04,12,7,96,9,
371,2019-09-01,08.00.04,13,8,97,4,
372,2019-09-01,10.00.04,14,7,94,7,
373,2019-09-01,12.00.04,21,0,69,9,
374,2019-09-01,14.00.04,22,1,58,4,
375,2019-09-01,16.00.04,22,7,58,0,
376,2019-09-01,18.00.04,22,0,59,9,
377,2019-09-01,20.00.04,19,4,66,1,
378,2019-09-01,22.00.04,16,4,77,0,
379,2019-09-02,00.00.04,16,0,77,7,
380,2019-09-02,02.00.04,14,5,81,4,
381,2019-09-02,04.00.04,14,0,86,9,
382,2019-09-02,06.00.04,13,8,91,3,
383,2019-09-02,08.00.04,15,1,90,9,
384,2019-09-02,10.00.04,18,7,79,7,
385,2019-09-02,12.00.04,23,4,63,2,
386,2019-09-02,14.00.04,23,2,62,8,
387,2019-09-02,16.00.04,21,6,67,3,
388,2019-09-02,18.00.04,16,2,94,8,
389,2019-09-02,20.00.04,14,2,96,5,
390,2019-09-02,22.00.04,12,4,97,2,
391,2019-09-03,00.00.04,12,2,97,8,
392,2019-09-03,02.00.04,12,1,98,4,
393,2019-09-03,04.00.04,11,0,98,5,
394,2019-09-03,06.00.04,10,6,99,0,
395,2019-09-03,08.00.04,11,2,99,3,
396,2019-09-03,10.00.04,12,9,95,1,
397,2019-09-03,12.00.04,13,9,91,8,
398,2019-09-03,14.00.04,15,3,80,1,
399,2019-09-03,16.00.04,17,4,63,6,
400,2019-09-03,18.00.04,16,9,63,5,
401,2019-09-03,20.00.04,12,3,84,1,
402,2019-09-03,22.00.04,10,1,90,6,
403,2019-09-04,00.00.04,9,4,91,9,
404,2019-09-04,02.00.04,6,7,95,6,
405,2019-09-04,04.00.04,8,3,97,8,
406,2019-09-04,06.00.04,10,4,90,4,
407,2019-09-04,08.00.04,11,1,92,4,
408,2019-09-04,10.00.04,13,5,89,1,
409,2019-09-04,12.00.04,15,6,85,1,
410,2019-09-04,14.00.04,15,4,94,0,
411,2019-09-04,16.00.04,16,3,79,2,
412,2019-09-04,18.00.04,14,8,84,2,
413,2019-09-04,20.00.04,12,7,83,1,
414,2019-09-04,22.00.04,8,4,92,5,
415,2019-09-05,00.00.04,6,8,95,1,
416,2019-09-05,02.00.04,4,6,95,2,
417,2019-09-05,04.00.04,4,0,96,9,
418,2019-09-05,06.00.04,6,7,99,0,
419,2019-09-05,08.00.04,9,2,99,3,
420,2019-09-05,10.00.04,12,7,92,1,
421,2019-09-05,12.00.04,14,6,87,1,
422,2019-09-05,14.00.04,15,1,89,9,
423,2019-09-05,16.00.04,14,8,97,5,
424,2019-09-05,18.00.04,16,1,91,7,
425,2019-09-05,20.00.04,15,6,89,9,
426,2019-09-05,22.00.04,14,5,91,6,
427,2019-09-06,00.00.04,13,0,94,1,
428,2019-09-06,02.00.04,11,5,96,8,
429,2019-09-06,04.00.04,11,9,96,8,
430,2019-09-06,06.00.04,11,1,95,4,
431,2019-09-06,08.00.04,11,0,95,4,
432,2019-09-06,10.00.04,13,7,84,3,
433,2019-09-06,12.00.04,15,1,75,5,
434,2019-09-06,14.00.04,14,4,80,1,
435,2019-09-06,16.00.04,14,4,70,5,
436,2019-09-06,18.00.04,14,2,68,3,
437,2019-09-06,20.00.04,10,4,83,4,
438,2019-09-06,22.00.04,8,5,88,9,
439,2019-09-07,00.00.04,5,5,91,8,
440,2019-09-07,02.00.04,3,5,96,6,
441,2019-09-07,04.00.04,2,0,96,2,
442,2019-09-07,06.00.04,6,3,99,2,
443,2019-09-07,08.00.04,7,4,99,5,
444,2019-09-07,10.00.04,11,3,92,0,
445,2019-09-07,12.00.04,14,2,80,7,
446,2019-09-07,14.00.04,15,2,75,7,
447,2019-09-07,16.00.04,12,6,94,4,
448,2019-09-07,18.00.04,12,5,93,3,
449,2019-09-07,20.00.04,12,0,95,9,
450,2019-09-07,22.00.04,10,8,97,0,
451,2019-09-08,00.00.04,10,9,97,8,
452,2019-09-08,02.00.04,11,3,97,9,
453,2019-09-08,04.00.04,10,9,98,7,
454,2019-09-08,06.00.04,10,5,98,7,
455,2019-09-08,08.00.04,11,2,99,4,
456,2019-09-08,10.00.04,13,8,89,6,
457,2019-09-08,12.00.04,17,4,70,4,
458,2019-09-08,14.00.04,18,6,65,2,
459,2019-09-08,16.00.04,17,1,71,0,
460,2019-09-08,18.00.04,16,5,71,1,
461,2019-09-08,20.00.04,13,9,80,9,
462,2019-09-08,22.00.04,12,9,87,7,
463,2019-09-09,00.00.04,12,0,92,9,
464,2019-09-09,02.00.04,11,8,96,1,
465,2019-09-09,04.00.04,11,6,96,4,
466,2019-09-09,06.00.04,11,6,95,0,
467,2019-09-09,08.00.04,11,9,94,7,
468,2019-09-09,10.00.04,13,6,91,0,
469,2019-09-09,12.00.04,15,3,85,4,
470,2019-09-09,14.00.04,15,5,89,4,
471,2019-09-09,16.00.04,14,8,97,5,
472,2019-09-09,18.00.04,14,9,98,5,
473,2019-09-09,20.00.04,15,0,98,9,
474,2019-09-09,22.00.04,14,9,99,1,
475,2019-09-10,00.00.04,14,9,99,3,
476,2019-09-10,02.00.04,14,9,99,3,
477,2019-09-10,04.00.04,14,5,99,1,
478,2019-09-10,06.00.04,14,2,99,2,
479,2019-09-10,08.00.04,14,1,99,5,
480,2019-09-10,10.00.04,14,8,97,9,
481,2019-09-10,12.00.04,16,2,94,0,
482,2019-09-10,14.00.04,19,2,86,4,
483,2019-09-10,16.00.04,21,0,74,2,
484,2019-09-10,18.00.04,20,1,77,6,
485,2019-09-10,20.00.04,17,2,89,5,
486,2019-09-10,22.00.04,15,7,95,3,
487,2019-09-11,00.00.04,14,8,94,3,
488,2019-09-11,02.00.04,14,4,91,5,
489,2019-09-11,04.00.04,13,9,92,9,
490,2019-09-11,06.00.04,13,9,94,8,
491,2019-09-11,08.00.04,13,8,93,4,
492,2019-09-11,10.00.04,15,9,81,4,
493,2019-09-11,12.00.04,15,9,77,6,
494,2019-09-11,14.00.04,15,5,81,7,
495,2019-09-11,16.00.04,13,9,89,0,
496,2019-09-11,18.00.04,13,3,96,3,
497,2019-09-11,20.00.04,13,7,97,6,
498,2019-09-11,22.00.04,13,7,98,3,
499,2019-09-12,00.00.04,13,9,97,2,
500,2019-09-12,02.00.04,13,2,96,2,
501,2019-09-12,04.00.04,12,2,96,3,
502,2019-09-12,06.00.04,12,7,96,4,
503,2019-09-12,08.00.04,13,1,96,2,
504,2019-09-12,10.00.04,13,2,96,2,
505,2019-09-12,12.00.04,13,6,97,3,
506,2019-09-12,14.00.04,15,9,81,9,
507,2019-09-12,16.00.04,14,5,90,5,
508,2019-09-12,18.00.04,13,5,95,7,
509,2019-09-12,20.00.04,13,0,95,2,
510,2019-09-12,22.00.04,12,4,95,7,
511,2019-09-13,00.00.04,11,1,96,8,
512,2019-09-13,02.00.04,11,2,96,8,
513,2019-09-13,04.00.04,11,7,95,9,
514,2019-09-13,06.00.04,11,9,95,5,
515,2019-09-13,08.00.04,10,6,98,3,
516,2019-09-13,10.00.04,11,2,95,6,
517,2019-09-13,12.00.04,12,7,87,5,
518,2019-09-13,14.00.04,14,5,70,7,
519,2019-09-13,16.00.04,14,5,59,5,
520,2019-09-13,18.00.04,12,4,63,6,
521,2019-09-13,20.00.04,9,7,75,5,
522,2019-09-13,22.00.04,8,6,83,6,
523,2019-09-14,00.00.04,8,0,88,7,
524,2019-09-14,02.00.04,7,3,92,1,
525,2019-09-14,04.00.04,6,5,93,7,
526,2019-09-14,06.00.04,6,0,94,0,
527,2019-09-14,08.00.04,6,1,93,0,
528,2019-09-14,10.00.04,9,7,78,9,
529,2019-09-14,12.00.04,13,0,58,9,
530,2019-09-14,14.00.04,12,1,64,9,
531,2019-09-14,16.00.04,12,0,66,9,
532,2019-09-14,18.00.04,8,9,93,2,
533,2019-09-14,20.00.04,6,6,97,1,
534,2019-09-14,22.00.04,4,6,95,8,
535,2019-09-15,00.00.04,3,6,98,9,
536,2019-09-15,02.00.04,4,2,99,5,
537,2019-09-15,04.00.04,5,1,95,5,
538,2019-09-15,06.00.04,5,9,94,8,
539,2019-09-15,08.00.04,6,5,98,5,
540,2019-09-15,10.00.04,6,7,99,0,
541,2019-09-15,12.00.04,8,5,99,5,
542,2019-09-15,14.00.04,10,4,99,5,
543,2019-09-15,16.00.04,10,8,98,9,
544,2019-09-15,18.00.04,9,7,96,8,
545,2019-09-15,20.00.04,7,7,96,2,
546,2019-09-15,22.00.04,8,1,95,1,
547,2019-09-16,00.00.04,7,3,95,5,
548,2019-09-16,02.00.04,7,2,93,9,
549,2019-09-16,04.00.04,6,7,95,7,
550,2019-09-16,06.00.04,5,0,98,3,
551,2019-09-16,08.00.04,6,2,96,5,
552,2019-09-16,10.00.04,7,5,97,9,
553,2019-09-16,12.00.04,8,7,95,0,
554,2019-09-16,14.00.04,8,4,96,9,
555,2019-09-16,16.00.04,8,9,92,2,
556,2019-09-16,18.00.04,8,9,86,5,
557,2019-09-16,20.00.04,6,7,88,6,
558,2019-09-16,22.00.04,5,8,91,8,
559,2019-09-17,00.00.04,5,8,92,5,
560,2019-09-17,02.00.04,5,9,92,6,
561,2019-09-17,04.00.04,5,3,92,2,
562,2019-09-17,06.00.04,4,6,93,3,
563,2019-09-17,08.00.04,4,3,94,7,
564,2019-09-17,10.00.04,6,2,88,9,
565,2019-09-17,12.00.04,9,2,77,8,
566,2019-09-17,14.00.04,10,2,73,0,
567,2019-09-17,16.00.04,11,0,69,8,
568,2019-09-17,18.00.04,8,9,87,3,
569,2019-09-17,20.00.04,8,0,94,7,
570,2019-09-17,22.00.04,7,2,97,4,
571,2019-09-18,00.00.04,5,3,97,6,
572,2019-09-18,02.00.04,4,2,98,7,
573,2019-09-18,04.00.04,3,2,98,4,
574,2019-09-18,06.00.04,3,8,99,7,
575,2019-09-18,08.00.04,3,1,99,6,
576,2019-09-18,10.00.04,6,0,97,2,
577,2019-09-18,12.00.04,9,0,80,9,
578,2019-09-18,14.00.04,9,6,67,0,
579,2019-09-18,16.00.04,9,5,68,2,
580,2019-09-18,18.00.04,7,8,76,6,
581,2019-09-18,20.00.04,3,6,89,1,
582,2019-09-18,22.00.04,1,0,93,4,
583,2019-09-19,00.00.04,-0,3,95,1,
584,2019-09-19,02.00.04,0,0,97,9,
585,2019-09-19,04.00.04,-0,1,97,4,
586,2019-09-19,06.00.04,-0,4,98,1,
587,2019-09-19,08.00.04,0,4,99,5,
588,2019-09-19,10.00.04,4,6,94,2,
589,2019-09-19,12.00.04,7,7,78,7,
590,2019-09-19,14.00.04,7,5,83,0,
591,2019-09-19,16.00.04,5,8,91,6,
592,2019-09-19,18.00.04,5,0,91,6,
593,2019-09-19,20.00.04,2,9,96,3,
594,2019-09-19,22.00.04,1,2,97,6,
595,2019-09-20,00.00.04,0,2,98,5,
596,2019-09-20,02.00.04,-0,4,99,2,
597,2019-09-20,04.00.04,-0,4,99,5,
598,2019-09-20,06.00.04,-0,9,99,3,
599,2019-09-20,08.00.04,-0,3,99,3,
600,2019-09-20,10.00.04,2,9,97,1,
601,2019-09-20,12.00.04,9,3,68,7,
602,2019-09-20,14.00.04,9,3,65,0,
603,2019-09-20,16.00.04,9,5,60,7,
604,2019-09-20,18.00.04,7,5,80,0,
605,2019-09-20,20.00.04,5,4,88,5,
606,2019-09-20,22.00.04,4,3,93,1,
607,2019-09-21,00.00.04,4,1,93,9,
608,2019-09-21,02.00.04,3,9,96,2,
609,2019-09-21,04.00.04,4,5,98,2,
610,2019-09-21,06.00.04,5,0,98,6,
611,2019-09-21,08.00.04,5,2,99,1,
612,2019-09-21,10.00.04,6,2,98,8,
613,2019-09-21,12.00.04,7,3,95,7,
614,2019-09-21,14.00.04,8,3,92,4,
615,2019-09-21,16.00.04,8,1,89,5,
616,2019-09-21,18.00.04,7,5,91,5,
617,2019-09-21,20.00.04,5,8,97,5,
618,2019-09-21,22.00.04,5,4,96,9,
619,2019-09-22,00.00.04,3,0,96,4,
620,2019-09-22,02.00.04,1,9,98,2,
621,2019-09-22,04.00.04,0,7,98,9,
622,2019-09-22,06.00.04,0,2,99,5,
623,2019-09-22,08.00.04,0,3,99,9,
624,2019-09-22,10.00.04,3,8,97,0,
625,2019-09-22,12.00.04,8,3,75,9,
626,2019-09-22,14.00.04,8,0,70,8,
627,2019-09-22,16.00.04,7,9,64,6,
628,2019-09-22,18.00.04,5,8,74,4,
629,2019-09-22,20.00.04,2,8,83,6,
630,2019-09-22,22.00.04,1,5,91,0,
631,2019-09-23,00.00.04,0,4,95,0,
632,2019-09-23,02.00.04,-0,3,97,5,
633,2019-09-23,04.00.04,0,7,97,5,
634,2019-09-23,06.00.04,1,2,96,8,
635,2019-09-23,08.00.04,2,0,96,9,
636,2019-09-23,10.00.04,5,0,88,7,
637,2019-09-23,12.00.04,7,8,69,1,
638,2019-09-23,14.00.04,8,5,67,5,
639,2019-09-23,16.00.04,8,7,63,5,
640,2019-09-23,18.00.04,6,6,68,8,
641,2019-09-23,20.00.04,3,5,83,7,
642,2019-09-23,22.00.04,1,1,93,7,
643,2019-09-24,00.00.04,-0,1,94,5,
644,2019-09-24,02.00.04,0,4,95,6,
645,2019-09-24,04.00.04,0,2,95,7,
646,2019-09-24,06.00.04,-1,6,97,2,
647,2019-09-24,08.00.04,-0,7,97,2,
648,2019-09-24,10.00.04,2,1,98,2,
649,2019-09-24,12.00.04,6,2,81,0,
650,2019-09-24,14.00.04,6,8,75,1,
651,2019-09-24,16.00.04,5,7,89,6,
652,2019-09-24,18.00.04,5,2,92,6,
653,2019-09-24,20.00.04,4,4,95,5,
654,2019-09-24,22.00.04,3,2,96,5,
655,2019-09-25,00.00.04,2,3,97,6,
656,2019-09-25,02.00.04,-0,1,97,1,
657,2019-09-25,04.00.04,-0,8,98,1,
658,2019-09-25,06.00.04,-1,3,98,0,
659,2019-09-25,08.00.04,-1,6,98,3,
660,2019-09-25,10.00.04,0,4,97,8,
661,2019-09-25,12.00.04,6,3,89,1,
662,2019-09-25,14.00.04,7,9,77,2,
663,2019-09-25,16.00.04,8,4,70,1,
664,2019-09-25,18.00.04,5,5,83,2,
665,2019-09-25,20.00.04,2,1,88,9,
666,2019-09-25,22.00.04,-0,2,93,6,
667,2019-09-26,00.00.04,-0,9,96,8,
668,2019-09-26,02.00.04,-1,5,96,4,
669,2019-09-26,04.00.04,-1,7,96,7,
670,2019-09-26,06.00.04,-0,7,97,9,
671,2019-09-26,08.00.04,-0,3,99,2,
672,2019-09-26,10.00.04,3,9,94,6,
673,2019-09-26,12.00.04,10,4,74,6,
674,2019-09-26,14.00.04,11,8,71,4,
675,2019-09-26,16.00.04,11,4,71,7,
676,2019-09-26,18.00.04,10,8,79,6,
677,2019-09-26,20.00.04,9,1,89,1,
678,2019-09-26,22.00.04,8,4,92,2,
679,2019-09-27,00.00.04,8,2,92,8,
680,2019-09-27,02.00.04,7,9,93,1,
681,2019-09-27,04.00.04,7,5,94,6,
682,2019-09-27,06.00.04,6,1,95,9,
683,2019-09-27,08.00.04,6,7,97,0,
684,2019-09-27,10.00.04,8,3,95,6,
685,2019-09-27,12.00.04,10,4,83,8,
686,2019-09-27,14.00.04,12,0,71,5,
687,2019-09-27,16.00.04,12,8,68,2,
688,2019-09-27,18.00.04,9,1,87,9,
689,2019-09-27,20.00.04,5,9,94,8,
690,2019-09-27,22.00.04,2,9,92,5,
691,2019-09-28,00.00.04,1,4,94,2,
692,2019-09-28,02.00.04,0,7,96,1,
693,2019-09-28,04.00.04,1,1,97,6,
694,2019-09-28,06.00.04,3,3,98,8,
695,2019-09-28,08.00.04,4,8,98,4,
696,2019-09-28,10.00.04,8,0,87,7,
697,2019-09-28,12.00.04,11,1,64,5,
698,2019-09-28,14.00.04,11,1,68,6,
699,2019-09-28,16.00.04,10,9,72,0,
700,2019-09-28,18.00.04,9,5,78,5,
701,2019-09-28,20.00.04,8,3,87,7,
702,2019-09-28,22.00.04,5,9,93,2,
703,2019-09-29,00.00.04,5,5,97,8,
704,2019-09-29,02.00.04,6,6,97,8,
705,2019-09-29,04.00.04,6,9,98,4,
706,2019-09-29,06.00.04,7,2,99,0,
707,2019-09-29,08.00.04,7,8,99,1,
708,2019-09-29,10.00.04,8,4,99,2,
709,2019-09-29,12.00.04,9,4,99,3,
710,2019-09-29,14.00.04,10,5,98,6,
711,2019-09-29,16.00.04,9,4,97,7,
712,2019-09-29,18.00.04,8,6,97,9,
713,2019-09-29,20.00.04,8,1,98,8,
714,2019-09-29,22.00.04,7,6,99,4,
715,2019-09-30,00.00.04,7,3,98,7,
716,2019-09-30,02.00.04,7,6,99,7,
717,2019-09-30,04.00.04,7,8,99,2,
718,2019-09-30,06.00.04,7,8,99,3,
719,2019-09-30,08.00.04,8,2,99,9,
720,2019-09-30,10.00.04,8,8,99,9,
721,2019-09-30,12.00.04,9,8,99,4,
722,2019-09-30,14.00.04,10,8,96,8,
723,2019-09-30,16.00.04,12,8,87,7,
724,2019-09-30,18.00.04,10,7,97,5,
725,2019-09-30,20.00.04,10,0,97,3,
726,2019-09-30,22.00.04,10,3,98,7,
727,2019-10-01,00.00.04,10,3,97,9,
728,2019-10-01,02.00.04,9,8,97,9,
729,2019-10-01,04.00.04,9,7,99,3,
730,2019-10-01,06.00.04,9,5,99,9,
731,2019-10-01,08.00.04,7,8,99,8,
732,2019-10-01,10.00.04,6,2,97,5,
733,2019-10-01,12.00.04,6,6,93,9,
734,2019-10-01,14.00.04,7,4,82,4,
735,2019-10-01,16.00.04,7,6,72,3,
736,2019-10-01,18.00.04,5,6,80,6,
737,2019-10-01,20.00.04,3,2,90,7,
738,2019-10-01,22.00.04,3,8,90,4,
739,2019-10-02,00.00.04,3,7,92,1,
740,2019-10-02,02.00.04,3,4,93,9,
741,2019-10-02,04.00.04,3,4,95,8,
742,2019-10-02,06.00.04,3,1,97,6,
743,2019-10-02,08.00.04,2,7,99,1,
744,2019-10-02,10.00.04,3,7,98,9,
745,2019-10-02,12.00.04,4,3,98,4,
746,2019-10-02,14.00.04,4,6,96,1,
747,2019-10-02,16.00.04,4,1,94,9,
748,2019-10-02,18.00.04,3,3,94,4,
749,2019-10-02,20.00.04,2,0,98,1,
750,2019-10-02,22.00.04,2,3,98,7,
751,2019-10-03,00.00.04,2,1,98,1,
752,2019-10-03,02.00.04,2,5,95,1,
753,2019-10-03,04.00.04,2,6,94,7,
754,2019-10-03,06.00.04,2,3,94,4,
755,2019-10-03,08.00.04,1,9,89,4,
756,2019-10-03,10.00.04,1,8,89,3,
757,2019-10-03,12.00.04,2,5,87,1,
758,2019-10-03,14.00.04,2,8,86,9,
759,2019-10-03,16.00.04,3,6,85,3,
760,2019-10-03,18.00.04,2,9,82,8,
761,2019-10-03,20.00.04,1,9,88,0,
762,2019-10-03,22.00.04,1,4,84,4,
763,2019-10-04,00.00.04,1,2,84,2,
764,2019-10-04,02.00.04,0,1,94,9,
765,2019-10-04,04.00.04,-0,2,97,7,
766,2019-10-04,06.00.04,-0,2,98,4,
767,2019-10-04,08.00.04,-0,5,98,3,
768,2019-10-04,10.00.04,0,3,97,5,
769,2019-10-04,12.00.04,0,6,97,2,
770,2019-10-04,14.00.04,0,9,98,1,
771,2019-10-04,16.00.04,1,3,97,9,
772,2019-10-04,18.00.04,0,7,98,7,
773,2019-10-04,20.00.04,-0,1,98,6,
774,2019-10-04,22.00.04,-0,9,99,0,
775,2019-10-05,00.00.04,-1,3,98,7,
776,2019-10-05,02.00.04,-0,8,98,6,
777,2019-10-05,04.00.04,-1,3,98,6,
778,2019-10-05,06.00.04,-1,7,97,8,
779,2019-10-05,08.00.04,-2,0,98,1,
780,2019-10-05,10.00.04,-0,4,95,8,
781,2019-10-05,12.00.04,1,8,86,5,
782,2019-10-05,14.00.04,3,2,81,6,
783,2019-10-05,16.00.04,3,1,82,7,
784,2019-10-05,18.00.04,2,3,87,4,
785,2019-10-05,20.00.04,0,5,91,3,
786,2019-10-05,22.00.04,-0,2,94,5,
787,2019-10-06,00.00.04,-1,4,97,9,
788,2019-10-06,02.00.04,-1,3,98,3,
789,2019-10-06,04.00.04,-0,5,97,0,
790,2019-10-06,06.00.04,-0,2,96,1,
791,2019-10-06,08.00.04,0,1,98,2,
792,2019-10-06,10.00.04,0,6,98,9,
793,2019-10-06,12.00.04,2,7,98,6,
794,2019-10-06,14.00.04,5,0,93,5,
795,2019-10-06,16.00.04,6,0,84,5,
796,2019-10-06,18.00.04,3,3,96,7,
797,2019-10-06,20.00.04,2,7,99,2,
798,2019-10-06,22.00.04,2,7,99,7,
799,2019-10-07,00.00.04,2,0,99,6,
800,2019-10-07,02.00.04,1,3,99,9,
801,2019-10-07,04.00.04,1,0,100,0,
802,2019-10-07,06.00.04,1,5,100,0,
803,2019-10-07,08.00.04,0,7,100,0,
804,2019-10-07,10.00.04,2,7,100,0,
805,2019-10-07,12.00.04,4,5,98,2,
806,2019-10-07,14.00.04,4,2,97,6,
807,2019-10-07,16.00.04,4,4,95,4,
808,2019-10-07,18.00.04,3,4,98,7,
809,2019-10-07,20.00.04,1,6,99,0,
810,2019-10-07,22.00.04,1,7,99,7,
811,2019-10-08,00.00.04,1,5,99,9,
812,2019-10-08,02.00.04,1,7,100,0,
813,2019-10-08,04.00.04,1,0,100,0,
814,2019-10-08,06.00.04,1,1,100,0,
815,2019-10-08,08.00.04,1,3,100,0,
816,2019-10-08,10.00.04,2,7,98,6,
817,2019-10-08,12.00.04,3,9,87,8,
818,2019-10-08,14.00.04,4,6,80,3,
819,2019-10-08,16.00.04,3,9,88,3,
820,2019-10-08,18.00.04,3,3,93,2,
821,2019-10-08,20.00.04,1,9,96,1,
822,2019-10-08,22.00.04,1,2,97,3,
823,2019-10-09,00.00.04,1,2,98,6,
824,2019-10-09,02.00.04,1,2,98,9,
825,2019-10-09,04.00.04,0,4,99,2,
826,2019-10-09,06.00.04,-0,1,99,7,
827,2019-10-09,08.00.04,-0,3,100,0,
828,2019-10-09,10.00.04,0,1,100,0,
829,2019-10-09,12.00.04,0,8,99,7,
830,2019-10-09,14.00.04,2,6,94,6,
831,2019-10-09,16.00.04,2,7,89,8,
832,2019-10-09,18.00.04,1,8,92,4,
833,2019-10-09,20.00.04,-0,5,95,0,
834,2019-10-09,22.00.04,-1,6,98,3,
835,2019-10-10,00.00.04,-1,6,98,2,
836,2019-10-10,02.00.04,-1,9,98,6,
837,2019-10-10,04.00.04,-1,0,99,6,
838,2019-10-10,06.00.04,-1,4,99,5,
839,2019-10-10,08.00.04,-1,1,99,5,
840,2019-10-10,10.00.04,-0,3,99,3,
841,2019-10-10,12.00.04,1,0,99,7,
842,2019-10-10,14.00.04,2,8,99,3,
843,2019-10-10,16.00.04,3,5,99,8,
844,2019-10-10,18.00.04,3,7,100,0,
845,2019-10-10,20.00.04,4,2,100,0,
846,2019-10-10,22.00.04,4,9,100,0,
847,2019-10-11,00.00.04,5,8,100,0,
848,2019-10-11,02.00.04,6,4,100,0,
849,2019-10-11,04.00.04,6,9,100,0,
850,2019-10-11,06.00.04,7,0,100,0,
851,2019-10-11,08.00.04,7,0,100,0,
852,2019-10-11,10.00.04,7,5,100,0,
853,2019-10-11,12.00.04,7,8,96,4,
854,2019-10-11,14.00.04,8,7,90,3,
855,2019-10-11,16.00.04,8,9,92,0,
856,2019-10-11,18.00.04,8,5,93,7,
857,2019-10-11,20.00.04,7,7,97,5,
858,2019-10-11,22.00.04,7,0,98,5,
859,2019-10-12,00.00.04,6,9,98,5,
860,2019-10-12,02.00.04,6,5,99,1,
861,2019-10-12,04.00.04,6,2,99,4,
862,2019-10-12,06.00.04,6,1,100,0,
863,2019-10-12,08.00.04,6,2,100,0,
864,2019-10-12,10.00.04,6,5,100,0,
865,2019-10-12,12.00.04,6,6,99,5,
866,2019-10-12,14.00.04,7,0,96,0,
867,2019-10-12,16.00.04,8,4,87,5,
868,2019-10-12,18.00.04,6,3,92,0,
869,2019-10-12,20.00.04,5,8,95,9,
870,2019-10-12,22.00.04,5,7,98,3,
871,2019-10-13,00.00.04,4,9,98,6,
872,2019-10-13,02.00.04,4,8,99,4,
873,2019-10-13,04.00.04,5,0,99,8,
874,2019-10-13,06.00.04,4,7,99,8,
875,2019-10-13,08.00.04,4,6,100,0,
876,2019-10-13,10.00.04,4,8,100,0,
877,2019-10-13,12.00.04,4,1,100,0,
878,2019-10-13,14.00.04,4,3,99,3,
879,2019-10-13,16.00.04,3,6,96,4,
880,2019-10-13,18.00.04,3,2,96,7,
881,2019-10-13,20.00.04,2,4,98,3,
882,2019-10-13,22.00.04,2,2,99,6,
883,2019-10-14,00.00.04,2,0,98,1,
884,2019-10-14,02.00.04,-0,3,99,0,
885,2019-10-14,04.00.04,-1,4,99,8,
886,2019-10-14,06.00.04,-1,4,99,9,
887,2019-10-14,08.00.04,-1,0,100,0,
888,2019-10-14,10.00.04,-0,2,100,0,
889,2019-10-14,12.00.04,1,1,100,0,
890,2019-10-14,14.00.04,2,4,99,0,
891,2019-10-14,16.00.04,4,2,90,5,
892,2019-10-14,18.00.04,0,8,97,0,
893,2019-10-14,20.00.04,-1,7,98,3,
894,2019-10-14,22.00.04,-2,0,99,3,
895,2019-10-15,00.00.04,-1,6,99,0,
896,2019-10-15,02.00.04,-1,3,99,5,
897,2019-10-15,04.00.04,-0,2,100,0,
898,2019-10-15,06.00.04,-1,5,99,9,
899,2019-10-15,08.00.04,-2,8,98,6,
900,2019-10-15,10.00.04,-1,5,98,5,
901,2019-10-15,12.00.04,1,3,99,6,
902,2019-10-15,14.00.04,2,3,97,9,
903,2019-10-15,16.00.04,3,3,96,5,
904,2019-10-15,18.00.04,2,8,97,9,
905,2019-10-15,20.00.04,2,5,98,8,
906,2019-10-15,22.00.04,2,5,98,1,
907,2019-10-16,00.00.04,2,0,97,5,
908,2019-10-16,02.00.04,1,9,98,2,
909,2019-10-16,04.00.04,2,2,99,7,
910,2019-10-16,06.00.04,2,2,100,0,
911,2019-10-16,08.00.04,1,8,99,9,
912,2019-10-16,10.00.04,1,6,100,0,
913,2019-10-16,12.00.04,1,9,100,0,
914,2019-10-16,14.00.04,2,4,100,0,
915,2019-10-16,16.00.04,2,3,100,0,
916,2019-10-16,18.00.04,2,0,100,0,
917,2019-10-16,20.00.04,1,8,100,0,
918,2019-10-16,22.00.04,1,6,100,0,
919,2019-10-17,00.00.04,1,5,100,0,
920,2019-10-17,02.00.04,1,5,100,0,
921,2019-10-17,04.00.04,1,5,100,0,
922,2019-10-17,06.00.04,1,6,100,0,
923,2019-10-17,08.00.04,1,7,100,0,
924,2019-10-17,10.00.04,1,8,100,0,
925,2019-10-17,12.00.04,2,1,100,0,
926,2019-10-17,14.00.04,2,2,100,0,
927,2019-10-17,16.00.04,2,0,100,0,
928,2019-10-17,18.00.04,2,0,100,0,
929,2019-10-17,20.00.04,2,1,100,0,
930,2019-10-17,22.00.04,2,2,100,0,
931,2019-10-18,00.00.04,2,3,100,0,
932,2019-10-18,02.00.04,2,3,100,0,
933,2019-10-18,04.00.04,2,5,100,0,
934,2019-10-18,06.00.04,2,9,100,0,
935,2019-10-18,08.00.04,3,1,100,0,
936,2019-10-18,10.00.04,3,3,100,0,
937,2019-10-18,12.00.04,4,2,100,0,
938,2019-10-18,14.00.04,5,2,100,0,
939,2019-10-18,16.00.04,5,8,100,0,
940,2019-10-18,18.00.04,5,6,100,0,
941,2019-10-18,20.00.04,5,9,100,0,
942,2019-10-18,22.00.04,6,5,100,0,
943,2019-10-19,00.00.04,7,6,100,0,
944,2019-10-19,02.00.04,8,0,100,0,
945,2019-10-19,04.00.04,8,2,100,0,
946,2019-10-19,06.00.04,8,2,100,0,
947,2019-10-19,08.00.04,8,4,100,0,
948,2019-10-19,10.00.04,8,6,100,0,
949,2019-10-19,12.00.04,10,4,100,0,
950,2019-10-19,14.00.04,11,1,100,0,
951,2019-10-19,16.00.04,10,2,98,2,
952,2019-10-19,18.00.04,9,1,97,2,
953,2019-10-19,20.00.04,8,8,96,1,
954,2019-10-19,22.00.04,8,8,95,6,
955,2019-10-20,00.00.04,8,9,89,7,
956,2019-10-20,02.00.04,6,4,96,4,
957,2019-10-20,04.00.04,4,1,95,9,
958,2019-10-20,06.00.04,2,6,97,3,
959,2019-10-20,08.00.04,1,6,96,9,
960,2019-10-20,10.00.04,1,4,97,8,
961,2019-10-20,12.00.04,1,5,93,5,
962,2019-10-20,14.00.04,2,2,90,2,
963,2019-10-20,16.00.04,2,5,91,5,
964,2019-10-20,18.00.04,1,8,98,7,
965,2019-10-20,20.00.04,1,8,100,0,
966,2019-10-20,22.00.04,2,0,100,0,
967,2019-10-21,00.00.04,2,2,100,0,
968,2019-10-21,02.00.04,2,1,100,0,
969,2019-10-21,04.00.04,2,0,100,0,
970,2019-10-21,06.00.04,1,8,100,0,
971,2019-10-21,08.00.04,1,4,100,0,
972,2019-10-21,10.00.04,1,2,100,0,
973,2019-10-21,12.00.04,1,2,100,0,
974,2019-10-21,14.00.04,1,4,100,0,
975,2019-10-21,16.00.04,1,3,100,0,
976,2019-10-21,18.00.04,-0,2,100,0,
977,2019-10-21,20.00.04,0,3,100,0,
978,2019-10-21,22.00.04,0,5,100,0,
979,2019-10-22,00.00.04,1,1,100,0,
980,2019-10-22,02.00.04,1,4,100,0,
981,2019-10-22,04.00.04,1,9,100,0,
982,2019-10-22,06.00.04,3,2,100,0,
983,2019-10-22,08.00.04,5,0,100,0,
984,2019-10-22,10.00.04,6,6,100,0,
985,2019-10-22,12.00.04,7,8,93,9,
986,2019-10-22,14.00.04,8,3,85,0,
987,2019-10-22,16.00.04,7,4,82,8,
988,2019-10-22,18.00.04,7,1,86,1,
989,2019-10-22,20.00.04,7,6,86,5,
990,2019-10-22,22.00.04,7,9,85,8,
991,2019-10-23,00.00.04,7,2,88,0,
992,2019-10-23,02.00.04,6,6,89,9,
993,2019-10-23,04.00.04,5,6,93,7,
994,2019-10-23,06.00.04,4,3,95,8,
995,2019-10-23,08.00.04,4,0,92,3,
996,2019-10-23,10.00.04,4,6,88,9,
997,2019-10-23,12.00.04,8,3,73,6,
998,2019-10-23,14.00.04,7,2,77,1,
999,2019-10-23,16.00.04,6,8,88,7,
1000,2019-10-23,18.00.04,6,7,82,7,
1001,2019-10-23,20.00.04,5,3,92,5,
1002,2019-10-23,22.00.04,6,5,91,7,
1003,2019-10-24,00.00.04,7,0,93,6,
1004,2019-10-24,02.00.04,7,3,96,7,
1005,2019-10-24,04.00.04,7,5,98,3,
1006,2019-10-24,06.00.04,7,9,98,5,
1007,2019-10-24,08.00.04,7,8,96,6,
1008,2019-10-24,10.00.04,7,6,94,3,
1009,2019-10-24,12.00.04,8,8,88,3,
1010,2019-10-24,14.00.04,9,4,82,6,
1011,2019-10-24,16.00.04,10,5,79,3,
1012,2019-10-24,18.00.04,8,8,83,1,
1013,2019-10-24,20.00.04,8,0,88,7,
1014,2019-10-24,22.00.04,8,9,91,9,
1015,2019-10-25,00.00.04,9,7,92,7,
1016,2019-10-25,02.00.04,9,7,93,2,
1017,2019-10-25,04.00.04,9,6,93,0,
1018,2019-10-25,06.00.04,8,9,92,1,
1019,2019-10-25,08.00.04,8,3,91,8,
1020,2019-10-25,10.00.04,9,3,94,8,
1021,2019-10-25,12.00.04,9,9,95,4,
1022,2019-10-25,14.00.04,10,5,94,1,
1023,2019-10-25,16.00.04,10,1,95,3,
1024,2019-10-25,18.00.04,10,3,95,9,
1025,2019-10-25,20.00.04,10,6,87,3,
1026,2019-10-25,22.00.04,9,6,77,4,
1027,2019-10-26,00.00.04,7,2,71,4,
1028,2019-10-26,02.00.04,5,9,73,2,
1029,2019-10-26,04.00.04,5,5,78,1,
1030,2019-10-26,06.00.04,5,4,81,1,
1031,2019-10-26,08.00.04,4,1,82,5,
1032,2019-10-26,10.00.04,4,0,83,2,
1033,2019-10-26,12.00.04,5,0,81,9,
1034,2019-10-26,14.00.04,5,5,82,0,
1035,2019-10-26,16.00.04,5,6,83,2,
1036,2019-10-26,18.00.04,3,8,88,8,
1037,2019-10-26,20.00.04,3,3,91,3,
1038,2019-10-26,22.00.04,3,8,86,5,
1039,2019-10-27,00.00.04,3,3,89,5,
1040,2019-10-27,02.00.04,3,1,89,6,
1041,2019-10-27,04.00.04,2,6,87,5,
1042,2019-10-27,06.00.04,2,2,87,4,
1043,2019-10-27,08.00.04,0,6,89,2,
1044,2019-10-27,10.00.04,0,8,89,1,
1045,2019-10-27,12.00.04,1,5,87,9,
1046,2019-10-27,14.00.04,1,7,86,1,
1047,2019-10-27,16.00.04,1,5,88,5,
1048,2019-10-27,18.00.04,0,4,95,6,
1049,2019-10-27,20.00.04,-0,1,97,2,
1050,2019-10-27,22.00.04,-0,8,97,6,
1051,2019-10-28,00.00.04,-1,8,97,0,
1052,2019-10-28,02.00.04,-1,3,97,1,
1053,2019-10-28,04.00.04,-1,2,97,1,
1054,2019-10-28,06.00.04,-1,2,97,2,
1055,2019-10-28,08.00.04,-1,5,96,8,
1056,2019-10-28,10.00.04,-1,4,96,2,
1057,2019-10-28,12.00.04,-0,8,94,3,
1058,2019-10-28,14.00.04,-0,4,92,1,
1059,2019-10-28,16.00.04,-1,3,93,2,
1060,2019-10-28,18.00.04,-2,3,94,7,
1061,2019-10-28,20.00.04,-2,6,95,6,
1062,2019-10-28,22.00.04,-2,5,95,4,
1063,2019-10-29,00.00.04,-2,6,95,5,
1064,2019-10-29,02.00.04,-2,1,96,0,
1065,2019-10-29,04.00.04,-1,9,95,8,
1066,2019-10-29,06.00.04,-2,6,94,5,
1067,2019-10-29,08.00.04,-2,9,94,4,
1068,2019-10-29,10.00.04,-2,3,94,5,
1069,2019-10-29,12.00.04,-0,5,90,6,
1070,2019-10-29,14.00.04,0,1,85,1,
1071,2019-10-29,16.00.04,-0,4,83,7,
1072,2019-10-29,18.00.04,-2,8,88,2,
1073,2019-10-29,20.00.04,-3,6,91,4,
1074,2019-10-29,22.00.04,-4,4,93,5,
1075,2019-10-30,00.00.04,-4,9,94,8,
1076,2019-10-30,02.00.04,-5,6,96,1,
1077,2019-10-30,04.00.04,-6,1,97,5,
1078,2019-10-30,06.00.04,-5,9,97,4,
1079,2019-10-30,08.00.04,-6,5,97,3,
1080,2019-10-30,10.00.04,-5,7,96,7,
1081,2019-10-30,12.00.04,-2,5,93,3,
1082,2019-10-30,14.00.04,-1,2,82,8,
1083,2019-10-30,16.00.04,-1,4,82,1,
1084,2019-10-30,18.00.04,-1,5,85,4,
1085,2019-10-30,20.00.04,-2,8,88,0,
1086,2019-10-30,22.00.04,-2,2,90,9,
1087,2019-10-31,00.00.04,-1,8,92,6,
1088,2019-10-31,02.00.04,-1,2,93,7,
1089,2019-10-31,04.00.04,0,3,95,8,
1090,2019-10-31,06.00.04,1,4,96,1,
1091,2019-10-31,08.00.04,1,9,97,6,
1092,2019-10-31,10.00.04,1,9,98,2,
1093,2019-10-31,12.00.04,2,7,97,6,
1094,2019-10-31,14.00.04,2,7,93,2,
1095,2019-10-31,16.00.04,2,6,90,2,
1096,2019-10-31,18.00.04,2,4,86,0,
1097,2019-10-31,20.00.04,2,1,86,5,
1098,2019-10-31,22.00.04,0,8,90,0,
1099,2019-11-01,00.00.04,-0,8,93,5,
1100,2019-11-01,02.00.04,-1,1,94,0,
1101,2019-11-01,04.00.04,-1,7,94,5,
1102,2019-11-01,06.00.04,-2,5,95,7,
1103,2019-11-01,08.00.04,-3,1,96,0,
1104,2019-11-01,10.00.04,-3,4,96,6,
1105,2019-11-01,12.00.04,-0,4,92,3,
1106,2019-11-01,14.00.04,1,2,85,6,
1107,2019-11-01,16.00.04,0,1,89,6,
1108,2019-11-01,18.00.04,-2,6,93,6,
1109,2019-11-01,20.00.04,-3,9,94,2,
1110,2019-11-01,22.00.04,-4,8,93,6,
1111,2019-11-02,00.00.04,-4,7,93,7,
1112,2019-11-02,02.00.04,-3,3,95,6,
1113,2019-11-02,04.00.04,-1,3,97,4,
1114,2019-11-02,06.00.04,-0,9,96,3,
1115,2019-11-02,08.00.04,-0,3,96,9,
1116,2019-11-02,10.00.04,0,3,98,5,
1117,2019-11-02,12.00.04,0,7,98,7,
1118,2019-11-02,14.00.04,1,3,98,8,
1119,2019-11-02,16.00.04,2,2,99,5,
1120,2019-11-02,18.00.04,2,1,99,4,
1121,2019-11-02,20.00.04,2,0,99,3,
1122,2019-11-02,22.00.04,1,9,99,5,
1123,2019-11-03,00.00.04,1,9,99,7,
1124,2019-11-03,02.00.04,1,4,99,7,
1125,2019-11-03,04.00.04,1,1,99,9,
1126,2019-11-03,06.00.04,0,9,99,9,
1127,2019-11-03,08.00.04,1,0,100,0,
1128,2019-11-03,10.00.04,1,3,100,0,
1129,2019-11-03,12.00.04,1,1,100,0,
1130,2019-11-03,14.00.04,0,8,100,0,
1131,2019-11-03,16.00.04,-0,1,99,3,
1132,2019-11-03,18.00.04,-1,2,96,1,
1133,2019-11-03,20.00.04,-2,7,98,4,
1134,2019-11-03,22.00.04,-4,1,98,3,
1135,2019-11-04,00.00.04,-4,8,98,4,
1136,2019-11-04,02.00.04,-6,0,97,0,
1137,2019-11-04,04.00.04,-6,0,96,9,
1138,2019-11-04,06.00.04,-6,0,96,4,
1139,2019-11-04,08.00.04,-5,7,97,2,
1140,2019-11-04,10.00.04,-4,2,97,9,
1141,2019-11-04,12.00.04,-4,2,96,4,
1142,2019-11-04,14.00.04,-3,6,96,8,
1143,2019-11-04,16.00.04,-4,0,96,8,
1144,2019-11-04,18.00.04,-3,6,97,3,
1145,2019-11-04,20.00.04,-3,6,96,7,
1146,2019-11-04,22.00.04,-4,0,96,7,
1147,2019-11-05,00.00.04,-5,1,97,4,
1148,2019-11-05,02.00.04,-5,4,96,3,
1149,2019-11-05,04.00.04,-5,7,96,2,
1150,2019-11-05,06.00.04,-5,9,96,2,
1151,2019-11-05,08.00.04,-6,2,96,3,
1152,2019-11-05,10.00.04,-8,0,95,1,
1153,2019-11-05,12.00.04,-7,0,95,7,
1154,2019-11-05,14.00.04,-5,7,94,6,
1155,2019-11-05,16.00.04,-5,8,95,0,
1156,2019-11-05,18.00.04,-8,1,94,8,
1157,2019-11-05,20.00.04,-9,3,94,9,
1158,2019-11-05,22.00.04,-10,1,94,4,
1159,2019-11-06,00.00.04,-10,8,93,7,
1160,2019-11-06,02.00.04,-11,8,93,8,
1161,2019-11-06,04.00.04,-12,8,93,0,
1162,2019-11-06,06.00.04,-13,6,93,3,
1163,2019-11-06,08.00.04,-12,9,93,7,
1164,2019-11-06,10.00.04,-10,6,95,2,
1165,2019-11-06,12.00.04,-7,3,95,0,
1166,2019-11-06,14.00.04,-5,9,94,0,
1167,2019-11-06,16.00.04,-6,1,95,4,
1168,2019-11-06,18.00.04,-6,7,95,4,
1169,2019-11-06,20.00.04,-8,4,94,7,
1170,2019-11-06,22.00.04,-9,7,94,2,
1171,2019-11-07,00.00.04,-10,4,94,3,
1172,2019-11-07,02.00.04,-10,7,94,4,
1173,2019-11-07,04.00.04,-10,7,94,0,
1174,2019-11-07,06.00.04,-11,3,93,7,
1175,2019-11-07,08.00.04,-12,8,92,8,
1176,2019-11-07,10.00.04,-10,2,95,3,
1177,2019-11-07,12.00.04,-8,2,95,7,
1178,2019-11-07,14.00.04,-7,4,95,0,
1179,2019-11-07,16.00.04,-7,1,95,9,
1180,2019-11-07,18.00.04,-6,8,95,9,
1181,2019-11-07,20.00.04,-6,5,96,0,
1182,2019-11-07,22.00.04,-6,1,96,4,
1183,2019-11-08,00.00.04,-5,9,96,2,
1184,2019-11-08,02.00.04,-5,5,96,5,
1185,2019-11-08,04.00.04,-5,1,96,5,
1186,2019-11-08,06.00.04,-4,7,96,8,
1187,2019-11-08,08.00.04,-4,4,97,2,
1188,2019-11-08,10.00.04,-4,0,97,6,
1189,2019-11-08,12.00.04,-3,3,97,4,
1190,2019-11-08,14.00.04,-2,6,97,7,
1191,2019-11-08,16.00.04,-2,3,97,8,
1192,2019-11-08,18.00.04,-2,3,98,6,
1193,2019-11-08,20.00.04,-1,9,99,1,
1194,2019-11-08,22.00.04,-1,6,99,0,
1195,2019-11-09,00.00.04,-1,0,99,3,
1196,2019-11-09,02.00.04,0,0,99,6,
1197,2019-11-09,04.00.04,0,2,99,8,
1198,2019-11-09,06.00.04,1,3,100,0,
1199,2019-11-09,08.00.04,2,3,100,0,
1200,2019-11-09,10.00.04,2,6,99,9,
1201,2019-11-09,12.00.04,2,7,99,9,
1202,2019-11-09,14.00.04,3,0,99,9,
1203,2019-11-09,16.00.04,2,8,99,9,
1204,2019-11-09,18.00.04,2,3,99,9,
1205,2019-11-09,20.00.04,2,6,99,9,
1206,2019-11-09,22.00.04,2,2,99,9,
1207,2019-11-10,00.00.04,1,4,99,9,
1208,2019-11-10,02.00.04,1,1,100,0,
1209,2019-11-10,04.00.04,0,8,100,0,
1210,2019-11-10,06.00.04,0,7,100,0,
1211,2019-11-10,08.00.04,0,6,100,0,
1212,2019-11-10,10.00.04,0,8,100,0,
1213,2019-11-10,12.00.04,1,2,100,0,
1214,2019-11-10,14.00.04,1,3,100,0,
1215,2019-11-10,16.00.04,1,1,100,0,
1216,2019-11-10,18.00.04,0,2,100,0,
1217,2019-11-10,20.00.04,0,1,100,0,
1218,2019-11-10,22.00.04,0,0,100,0,
1219,2019-11-11,00.00.04,0,0,100,0,
1220,2019-11-11,02.00.04,-0,6,100,0,
1221,2019-11-11,04.00.04,-1,3,100,0,
1222,2019-11-11,06.00.04,-1,6,100,0,
1223,2019-11-11,08.00.04,-1,8,98,8,
1224,2019-11-11,10.00.04,-2,1,98,5,
1225,2019-11-11,12.00.04,-2,0,98,6,
1226,2019-11-11,14.00.04,-1,9,98,6,
1227,2019-11-11,16.00.04,-1,7,98,6,
1228,2019-11-11,18.00.04,-2,3,98,2,
1229,2019-11-11,20.00.04,-2,3,98,2,
1230,2019-11-11,22.00.04,-2,8,97,9,
1231,2019-11-12,00.00.04,-3,0,97,9,
1232,2019-11-12,02.00.04,-2,9,97,9,
1233,2019-11-12,04.00.04,-2,8,97,9,
1234,2019-11-12,06.00.04,-2,5,98,1,
1235,2019-11-12,08.00.04,-2,7,98,0,
1236,2019-11-12,10.00.04,-1,7,98,7,
1237,2019-11-12,12.00.04,-0,4,99,6,
1238,2019-11-12,14.00.04,-0,1,99,8,
1239,2019-11-12,16.00.04,0,0,100,0,
1240,2019-11-12,18.00.04,0,0,100,0,
1241,2019-11-12,20.00.04,0,0,100,0,
1242,2019-11-12,22.00.04,0,1,100,0,
1243,2019-11-13,00.00.04,0,2,100,0,
1244,2019-11-13,02.00.04,0,3,100,0,
1245,2019-11-13,04.00.04,0,8,100,0,
1246,2019-11-13,06.00.04,2,5,99,9,
1247,2019-11-13,08.00.04,3,0,99,8,
1248,2019-11-13,10.00.04,3,1,99,7,
1249,2019-11-13,12.00.04,3,4,99,6,
1250,2019-11-13,14.00.04,3,3,99,6,
1251,2019-11-13,16.00.04,3,3,99,5,
1252,2019-11-13,18.00.04,3,4,99,5,
1253,2019-11-13,20.00.04,3,8,99,5,
1254,2019-11-13,22.00.04,4,2,99,4,
1255,2019-11-14,00.00.04,4,6,99,4,
1256,2019-11-14,02.00.04,4,8,99,4,
1257,2019-11-14,04.00.04,5,2,99,3,
1258,2019-11-14,06.00.04,5,5,99,3,
1259,2019-11-14,08.00.04,5,1,99,3,
1260,2019-11-14,10.00.04,4,7,99,4,
1261,2019-11-14,12.00.04,5,2,99,3,
1262,2019-11-14,14.00.04,7,0,99,2,
1263,2019-11-14,16.00.04,7,6,99,0,
1264,2019-11-14,18.00.04,8,1,98,9,
1265,2019-11-14,20.00.04,3,4,99,2,
1266,2019-11-14,22.00.04,1,1,99,6,
1267,2019-11-15,00.00.04,1,3,99,6,
1268,2019-11-15,02.00.04,1,4,99,7,
1269,2019-11-15,04.00.04,1,1,99,7,
1270,2019-11-15,06.00.04,1,0,99,7,
1271,2019-11-15,08.00.04,0,5,99,8,
1272,2019-11-15,10.00.04,-0,3,99,9,
1273,2019-11-15,12.00.04,0,4,99,9,
1274,2019-11-15,14.00.04,0,4,99,8,
1275,2019-11-15,16.00.04,0,2,99,8,
1276,2019-11-15,18.00.04,0,0,99,8,
1277,2019-11-15,20.00.04,-0,1,99,9,
1278,2019-11-15,22.00.04,-0,4,99,9,
1279,2019-11-16,00.00.04,-0,4,99,9,
1280,2019-11-16,02.00.04,-0,6,99,9,
1281,2019-11-16,04.00.04,-1,0,100,0,
1282,2019-11-16,06.00.04,-1,4,100,0,
1283,2019-11-16,08.00.04,-1,9,100,0,
1284,2019-11-16,10.00.04,-1,3,99,1,
1285,2019-11-16,12.00.04,-1,4,98,6,
1286,2019-11-16,14.00.04,-1,6,98,3,
1287,2019-11-16,16.00.04,-1,6,98,3,
1288,2019-11-16,18.00.04,-1,7,98,1,
1289,2019-11-16,20.00.04,-1,8,98,0,
1290,2019-11-16,22.00.04,-1,6,98,0,
1291,2019-11-17,00.00.04,-1,1,98,4,
1292,2019-11-17,02.00.04,-0,9,98,6,
1293,2019-11-17,04.00.04,-0,6,98,9,
1294,2019-11-17,06.00.04,0,0,99,3,
1295,2019-11-17,08.00.04,0,3,99,3,
1296,2019-11-17,10.00.04,1,4,99,7,
1297,2019-11-17,12.00.04,2,5,99,7,
1298,2019-11-17,14.00.04,3,7,99,7,
1299,2019-11-17,16.00.04,4,8,99,6,
1300,2019-11-17,18.00.04,5,2,99,5,
1301,2019-11-17,20.00.04,5,5,99,3,
1302,2019-11-17,22.00.04,5,6,99,3,
1303,2019-11-18,00.00.04,5,8,99,3,
1304,2019-11-18,02.00.04,5,6,99,3,
1305,2019-11-18,04.00.04,5,0,99,4,
1306,2019-11-18,06.00.04,4,2,99,5,
1307,2019-11-18,08.00.04,3,3,99,5,
1308,2019-11-18,10.00.04,2,9,99,6,
1309,2019-11-18,12.00.04,3,4,99,7,
1310,2019-11-18,14.00.04,3,7,99,7,
1311,2019-11-18,16.00.04,3,9,99,7,
1312,2019-11-18,18.00.04,3,6,99,7,
1313,2019-11-18,20.00.04,4,4,99,6,
1314,2019-11-18,22.00.04,4,0,99,6,
1315,2019-11-19,00.00.04,3,6,99,6,
1316,2019-11-19,02.00.04,3,5,99,6,
1317,2019-11-19,04.00.04,3,7,99,6,
1318,2019-11-19,06.00.04,4,1,99,6,
1319,2019-11-19,08.00.04,4,5,99,6,
1320,2019-11-19,10.00.04,4,7,99,5,
1321,2019-11-19,12.00.04,4,9,99,6,
1322,2019-11-19,14.00.04,4,8,99,4,
1323,2019-11-19,16.00.04,4,7,99,5,
1324,2019-11-19,18.00.04,4,6,99,5,
1325,2019-11-19,20.00.04,4,5,99,5,
1326,2019-11-19,22.00.04,4,4,99,6,
1327,2019-11-20,00.00.04,4,5,99,6,
1328,2019-11-20,02.00.04,4,6,99,6,
1329,2019-11-20,04.00.04,4,6,99,6,
1330,2019-11-20,06.00.04,4,6,99,6,
1331,2019-11-20,08.00.04,4,6,99,6,
1332,2019-11-20,10.00.04,4,7,99,6,
1333,2019-11-20,12.00.04,5,3,99,4,
1334,2019-11-20,14.00.04,5,5,99,1,
1335,2019-11-20,16.00.04,5,7,99,1,
1336,2019-11-20,18.00.04,5,6,99,1,
1337,2019-11-20,20.00.04,5,6,99,2,
1338,2019-11-20,22.00.04,5,5,99,2,
1339,2019-11-21,00.00.04,5,3,99,3,
1340,2019-11-21,02.00.04,5,0,99,4,
1341,2019-11-21,04.00.04,4,4,99,5,
1342,2019-11-21,06.00.04,3,6,99,5,
1343,2019-11-21,08.00.04,3,1,99,5,
1344,2019-11-21,10.00.04,2,9,99,6,
1345,2019-11-21,12.00.04,2,9,99,6,
1346,2019-11-21,14.00.04,3,1,99,6,
1347,2019-11-21,16.00.04,1,9,99,6,
1348,2019-11-21,18.00.04,1,2,99,7,
1349,2019-11-21,20.00.04,1,1,99,6,
1350,2019-11-21,22.00.04,1,4,99,4,
1351,2019-11-22,00.00.04,1,4,99,3,
1352,2019-11-22,02.00.04,1,5,98,7,
1353,2019-11-22,04.00.04,1,7,97,3,
1354,2019-11-22,06.00.04,1,8,97,9,
1355,2019-11-22,08.00.04,1,7,97,4,
1356,2019-11-22,10.00.04,1,6,96,2,
1357,2019-11-22,12.00.04,1,2,96,8,
1358,2019-11-22,14.00.04,0,7,96,0,
1359,2019-11-22,16.00.04,-0,1,95,4,
1360,2019-11-22,18.00.04,-0,8,96,1,
1361,2019-11-22,20.00.04,-1,1,96,8,
1362,2019-11-22,22.00.04,-0,9,95,4,
1363,2019-11-23,00.00.04,-1,1,95,7,
1364,2019-11-23,02.00.04,-1,2,95,4,
1365,2019-11-23,04.00.04,-1,3,95,6,
1366,2019-11-23,06.00.04,-1,3,93,4,
1367,2019-11-23,08.00.04,-1,4,91,8,
1368,2019-11-23,10.00.04,-1,2,92,1,
1369,2019-11-23,12.00.04,-1,0,90,7,
1370,2019-11-23,14.00.04,-0,7,89,4,
1371,2019-11-23,16.00.04,-1,0,88,8,
1372,2019-11-23,18.00.04,-2,3,92,6,
1373,2019-11-23,20.00.04,-2,6,94,3,
1374,2019-11-23,22.00.04,-2,5,95,5,
1375,2019-11-24,00.00.04,-1,8,94,6,
1376,2019-11-24,02.00.04,-1,4,92,4,
1377,2019-11-24,04.00.04,-1,5,92,4,
1378,2019-11-24,06.00.04,-2,1,94,1,
1379,2019-11-24,08.00.04,-2,0,92,7,
1380,2019-11-24,10.00.04,-2,0,92,7,
1381,2019-11-24,12.00.04,-1,9,91,6,
1382,2019-11-24,14.00.04,-1,9,90,9,
1383,2019-11-24,16.00.04,-2,3,91,3,
1384,2019-11-24,18.00.04,-2,2,92,0,
1385,2019-11-24,20.00.04,-2,0,92,1,
1386,2019-11-24,22.00.04,-2,0,93,0,
1387,2019-11-25,00.00.04,-1,8,93,6,
1388,2019-11-25,02.00.04,-2,1,91,0,
1389,2019-11-25,04.00.04,-2,2,91,6,
1390,2019-11-25,06.00.04,-2,5,93,1,
1391,2019-11-25,08.00.04,-2,9,93,8,
1392,2019-11-25,10.00.04,-3,0,94,3,
1393,2019-11-25,12.00.04,-2,5,93,9,
1394,2019-11-25,14.00.04,-2,1,92,7,
1395,2019-11-25,16.00.04,-2,2,92,0,
1396,2019-11-25,18.00.04,-2,2,95,0,
1397,2019-11-25,20.00.04,-1,9,96,0,
1398,2019-11-25,22.00.04,-1,8,96,7,
1399,2019-11-26,00.00.04,-1,6,97,4,
1400,2019-11-26,02.00.04,-1,2,98,1,
1401,2019-11-26,04.00.04,-0,6,98,5,
1402,2019-11-26,06.00.04,-0,2,98,7,
1403,2019-11-26,08.00.04,-0,1,98,9,
1404,2019-11-26,10.00.04,-0,1,98,8,
1405,2019-11-26,12.00.04,-0,1,98,4,
1406,2019-11-26,14.00.04,-0,1,98,0,
1407,2019-11-26,16.00.04,-0,1,98,3,
1408,2019-11-26,18.00.04,-0,1,98,5,
1409,2019-11-26,20.00.04,0,0,98,7,
1410,2019-11-26,22.00.04,0,1,99,0,
1411,2019-11-27,00.00.04,0,2,99,1,
1412,2019-11-27,02.00.04,0,2,99,2,
1413,2019-11-27,04.00.04,0,1,99,3,
1414,2019-11-27,06.00.04,0,1,99,3,
1415,2019-11-27,08.00.04,0,1,99,3,
1416,2019-11-27,10.00.04,0,0,99,4,
1417,2019-11-27,12.00.04,0,1,99,4,
1418,2019-11-27,14.00.04,0,1,99,4,
1419,2019-11-27,16.00.04,0,1,99,4,
1420,2019-11-27,18.00.04,0,0,99,5,
1421,2019-11-27,20.00.04,0,0,99,5,
1422,2019-11-27,22.00.04,0,0,99,4,
1423,2019-11-28,00.00.04,0,0,99,3,
1424,2019-11-28,02.00.04,0,1,99,3,
1425,2019-11-28,04.00.04,0,2,99,3,
1426,2019-11-28,06.00.04,0,3,99,5,
1427,2019-11-28,08.00.04,0,5,99,6,
1428,2019-11-28,10.00.04,0,8,99,6,
1429,2019-11-28,12.00.04,0,9,99,6,
1430,2019-11-28,14.00.04,0,4,99,6,
1431,2019-11-28,16.00.04,0,2,99,7,
1432,2019-11-28,18.00.04,0,2,99,7,
1433,2019-11-28,20.00.04,0,4,99,7,
1434,2019-11-28,22.00.04,1,1,99,6,
1435,2019-11-29,00.00.04,1,9,99,6,
1436,2019-11-29,02.00.04,2,2,99,6,
1437,2019-11-29,04.00.04,2,5,99,6,
1438,2019-11-29,06.00.04,2,8,99,6,
1439,2019-11-29,08.00.04,3,3,99,4,
1440,2019-11-29,10.00.04,3,8,99,4,
1441,2019-11-29,12.00.04,0,2,99,6,
1442,2019-11-29,14.00.04,-1,4,100,0,
1443,2019-11-29,16.00.04,-2,7,97,7,
1444,2019-11-29,18.00.04,-3,3,97,2,
1445,2019-11-29,20.00.04,-3,8,96,6,
1446,2019-11-29,22.00.04,-4,0,96,5,
1447,2019-11-30,00.00.04,-5,3,95,9,
1448,2019-11-30,02.00.04,-6,1,95,6,
1449,2019-11-30,04.00.04,-6,7,95,5,
1450,2019-11-30,06.00.04,-8,2,95,1,
1451,2019-11-30,08.00.04,-8,5,95,0,
1452,2019-11-30,10.00.04,-7,7,95,3,
1453,2019-11-30,12.00.04,-6,8,95,6,
1454,2019-11-30,14.00.04,-6,0,95,9,
1455,2019-11-30,16.00.04,-6,5,95,5,
1456,2019-11-30,18.00.04,-7,6,95,3,
1457,2019-11-30,20.00.04,-7,7,95,2,
1458,2019-11-30,22.00.04,-8,1,95,1,
1459,2019-12-01,00.00.04,-8,1,95,1,
1460,2019-12-01,02.00.04,-8,5,95,3,
1461,2019-12-01,04.00.04,-7,0,95,5,
1462,2019-12-01,06.00.04,-5,7,96,1,
1463,2019-12-01,08.00.04,-3,8,96,7,
1464,2019-12-01,10.00.04,-2,7,97,3,
1465,2019-12-01,12.00.04,-2,1,97,5,
1466,2019-12-01,14.00.04,-1,5,98,0,
1467,2019-12-01,16.00.04,-0,9,98,4,
1468,2019-12-01,18.00.04,-1,9,97,2,
1469,2019-12-01,20.00.04,-2,9,96,8,
1470,2019-12-01,22.00.04,-4,1,96,7,
1471,2019-12-02,00.00.04,-4,0,97,0,
1472,2019-12-02,02.00.04,-4,1,96,3,
1473,2019-12-02,04.00.04,-4,2,96,3,
1474,2019-12-02,06.00.04,-4,6,96,4,
1475,2019-12-02,08.00.04,-4,8,96,2,
1476,2019-12-02,10.00.04,-5,0,95,6,
1477,2019-12-02,12.00.04,-4,4,95,8,
1478,2019-12-02,14.00.04,-3,6,95,4,
1479,2019-12-02,16.00.04,-4,4,95,6,
1480,2019-12-02,18.00.04,-5,0,96,0,
1481,2019-12-02,20.00.04,-5,2,95,6,
1482,2019-12-02,22.00.04,-5,7,95,2,
1483,2019-12-03,00.00.04,-5,9,95,3,
1484,2019-12-03,02.00.04,-6,5,95,6,
1485,2019-12-03,04.00.04,-5,8,95,2,
1486,2019-12-03,06.00.04,-5,6,96,0,
1487,2019-12-03,08.00.04,-5,9,95,3,
1488,2019-12-03,10.00.04,-6,0,95,6,
1489,2019-12-03,12.00.04,-5,5,96,1,
1490,2019-12-03,14.00.04,-4,6,94,9,
1491,2019-12-03,16.00.04,-4,3,96,7,
1492,2019-12-03,18.00.04,-3,1,97,3,
1493,2019-12-03,20.00.04,-1,7,97,0,
1494,2019-12-03,22.00.04,-1,7,96,4,
1495,2019-12-04,00.00.04,-1,4,97,1,
1496,2019-12-04,02.00.04,-0,2,98,4,
1497,2019-12-04,04.00.04,0,2,98,6,
1498,2019-12-04,06.00.04,0,4,99,0,
1499,2019-12-04,08.00.04,1,6,99,2,
1500,2019-12-04,10.00.04,2,0,99,2,
1501,2019-12-04,12.00.04,2,0,99,1,
1502,2019-12-04,14.00.04,2,7,99,0,
1503,2019-12-04,16.00.04,2,7,98,8,
1504,2019-12-04,18.00.04,1,9,98,8,
1505,2019-12-04,20.00.04,1,1,98,9,
1506,2019-12-04,22.00.04,1,2,99,0,
1507,2019-12-05,00.00.04,0,9,99,1,
1508,2019-12-05,02.00.04,1,3,99,0,
1509,2019-12-05,04.00.04,1,2,99,0,
1510,2019-12-05,06.00.04,2,3,98,1,
1511,2019-12-05,08.00.04,2,7,95,9,
1512,2019-12-05,10.00.04,2,3,95,1,
1513,2019-12-05,12.00.04,2,8,94,4,
1514,2019-12-05,14.00.04,2,9,93,3,
1515,2019-12-05,16.00.04,3,3,92,7,
1516,2019-12-05,18.00.04,3,5,90,0,
1517,2019-12-05,20.00.04,3,6,87,9,
1518,2019-12-05,22.00.04,3,4,90,7,
1519,2019-12-06,00.00.04,3,1,93,7,
1520,2019-12-06,02.00.04,2,8,96,2,
1521,2019-12-06,04.00.04,2,8,96,1,
1522,2019-12-06,06.00.04,2,5,97,3,
1523,2019-12-06,08.00.04,3,0,98,0,
1524,2019-12-06,10.00.04,2,8,98,1,
1525,2019-12-06,12.00.04,2,9,98,1,
1526,2019-12-06,14.00.04,2,4,97,3,
1527,2019-12-06,16.00.04,1,9,97,4,
1528,2019-12-06,18.00.04,1,7,97,9,
1529,2019-12-06,20.00.04,2,3,98,2,
1530,2019-12-06,22.00.04,2,5,98,3,
1531,2019-12-07,00.00.04,2,3,98,4,
1532,2019-12-07,02.00.04,2,2,98,4,
1533,2019-12-07,04.00.04,0,2,98,4,
1534,2019-12-07,06.00.04,1,0,98,6,
1535,2019-12-07,08.00.04,1,0,98,6,
1536,2019-12-07,10.00.04,1,0,98,6,
1537,2019-12-07,12.00.04,0,1,98,7,
1538,2019-12-07,14.00.04,0,1,98,7,
1539,2019-12-07,16.00.04,0,1,98,8,
1540,2019-12-07,18.00.04,0,1,98,8,
1541,2019-12-07,20.00.04,0,1,98,9,
1542,2019-12-07,22.00.04,0,1,98,9,
1543,2019-12-08,00.00.04,0,1,98,9,
1544,2019-12-08,02.00.04,0,1,98,8,
1545,2019-12-08,04.00.04,-0,2,98,7,
1546,2019-12-08,06.00.04,-0,5,97,5,
1547,2019-12-08,08.00.04,-0,4,96,8,
1548,2019-12-08,10.00.04,-0,3,96,8,
1549,2019-12-08,12.00.04,-0,4,96,0,
1550,2019-12-08,14.00.04,-0,5,93,7,
1551,2019-12-08,16.00.04,-0,7,94,9,
1552,2019-12-08,18.00.04,-1,0,95,6,
1553,2019-12-08,20.00.04,-0,8,95,9,
1554,2019-12-08,22.00.04,-0,5,96,8,
1555,2019-12-09,00.00.04,0,1,97,3,
1556,2019-12-09,02.00.04,0,4,97,8,
1557,2019-12-09,04.00.04,2,1,98,3,
1558,2019-12-09,06.00.04,2,1,97,5,
1559,2019-12-09,08.00.04,1,9,96,1,
1560,2019-12-09,10.00.04,1,6,95,9,
1561,2019-12-09,12.00.04,1,4,96,1,
1562,2019-12-09,14.00.04,0,7,95,2,
1563,2019-12-09,16.00.04,0,1,95,7,
1564,2019-12-09,18.00.04,-0,5,94,8,
1565,2019-12-09,20.00.04,-1,4,94,2,
1566,2019-12-09,22.00.04,-2,1,93,2,
1567,2019-12-10,00.00.04,-2,6,93,7,
1568,2019-12-10,02.00.04,-3,3,93,2,
1569,2019-12-10,04.00.04,-3,3,91,5,
1570,2019-12-10,06.00.04,-3,7,90,6,
1571,2019-12-10,08.00.04,-4,3,90,8,
1572,2019-12-10,10.00.04,-4,2,92,3,
1573,2019-12-10,12.00.04,-3,6,91,8,
1574,2019-12-10,14.00.04,-3,5,90,9,
1575,2019-12-10,16.00.04,-4,8,93,7,
1576,2019-12-10,18.00.04,-4,5,94,3,
1577,2019-12-10,20.00.04,-5,4,94,7,
1578,2019-12-10,22.00.04,-6,1,95,3,
1579,2019-12-11,00.00.04,-6,5,95,7,
1580,2019-12-11,02.00.04,-5,7,95,7,
1581,2019-12-11,04.00.04,-4,8,94,7,
1582,2019-12-11,06.00.04,-4,4,94,3,
1583,2019-12-11,08.00.04,-2,3,93,9,
1584,2019-12-11,10.00.04,-1,3,92,4,
1585,2019-12-11,12.00.04,-0,7,89,7,
1586,2019-12-11,14.00.04,-0,2,90,9,
1587,2019-12-11,16.00.04,0,3,94,8,
1588,2019-12-11,18.00.04,0,9,95,1,
1589,2019-12-11,20.00.04,1,3,95,8,
1590,2019-12-11,22.00.04,1,3,96,9,
1591,2019-12-12,00.00.04,1,5,97,2,
1592,2019-12-12,02.00.04,1,6,97,4,
1593,2019-12-12,04.00.04,1,3,97,7,
1594,2019-12-12,06.00.04,0,2,97,9,
1595,2019-12-12,08.00.04,0,4,97,9,
1596,2019-12-12,10.00.04,0,2,97,5,
1597,2019-12-12,12.00.04,0,4,97,1,
1598,2019-12-12,14.00.04,0,0,96,4,
1599,2019-12-12,16.00.04,-0,4,95,7,
1600,2019-12-12,18.00.04,-0,9,94,6,
1601,2019-12-12,20.00.04,-1,1,94,9,
1602,2019-12-12,22.00.04,-0,7,96,3,
1603,2019-12-13,00.00.04,-0,7,96,2,
1604,2019-12-13,02.00.04,-0,3,96,4,
1605,2019-12-13,04.00.04,-0,3,95,8,
1606,2019-12-13,06.00.04,-0,3,94,9,
1607,2019-12-13,08.00.04,-0,3,96,1,
1608,2019-12-13,10.00.04,0,0,96,3,
1609,2019-12-13,12.00.04,0,2,97,1,
1610,2019-12-13,14.00.04,0,4,97,6,
1611,2019-12-13,16.00.04,0,5,97,9,
1612,2019-12-13,18.00.04,0,7,98,1,
1613,2019-12-13,20.00.04,0,7,98,2,
1614,2019-12-13,22.00.04,0,4,98,1,
1615,2019-12-14,00.00.04,0,3,97,8,
1616,2019-12-14,02.00.04,0,2,97,9,
1617,2019-12-14,04.00.04,0,1,97,6,
1618,2019-12-14,06.00.04,0,2,97,4,
1619,2019-12-14,08.00.04,0,1,97,2,
1620,2019-12-14,10.00.04,0,1,97,2,
1621,2019-12-14,12.00.04,0,1,96,6,
1622,2019-12-14,14.00.04,0,2,96,1,
1623,2019-12-14,16.00.04,0,2,96,8,
1624,2019-12-14,18.00.04,0,2,96,9,
1625,2019-12-14,20.00.04,0,2,97,2,
1626,2019-12-14,22.00.04,0,3,97,4,
1627,2019-12-15,00.00.04,0,3,97,4,
1628,2019-12-15,02.00.04,0,4,97,6,
1629,2019-12-15,04.00.04,0,3,97,7,
1630,2019-12-15,06.00.04,0,2,97,7,
1631,2019-12-15,08.00.04,0,2,97,8,
1632,2019-12-15,10.00.04,0,2,97,7,
1633,2019-12-15,12.00.04,0,2,97,7,
1634,2019-12-15,14.00.04,0,2,97,8,
1635,2019-12-15,16.00.04,0,1,97,7,
1636,2019-12-15,18.00.04,0,1,97,8,
1637,2019-12-15,20.00.04,0,0,97,8,
1638,2019-12-15,22.00.04,0,1,97,8,
1639,2019-12-16,00.00.04,0,1,98,0,
1640,2019-12-16,02.00.04,0,1,98,1,
1641,2019-12-16,04.00.04,0,2,98,2,
1642,2019-12-16,06.00.04,0,3,98,3,
1643,2019-12-16,08.00.04,0,2,98,3,
1644,2019-12-16,10.00.04,0,2,98,3,
1645,2019-12-16,12.00.04,0,2,98,4,
1646,2019-12-16,14.00.04,0,8,98,4,
1647,2019-12-16,16.00.04,0,6,98,4,
1648,2019-12-16,18.00.04,0,7,98,4,
1649,2019-12-16,20.00.04,1,0,98,4,
1650,2019-12-16,22.00.04,0,5,98,3,
1651,2019-12-17,00.00.04,0,3,98,2,
1652,2019-12-17,02.00.04,0,3,98,1,
1653,2019-12-17,04.00.04,0,1,98,0,
1654,2019-12-17,06.00.04,0,0,98,1,
1655,2019-12-17,08.00.04,0,1,98,2,
1656,2019-12-17,10.00.04,0,1,98,2,
1657,2019-12-17,12.00.04,0,3,98,2,
1658,2019-12-17,14.00.04,0,3,98,0,
1659,2019-12-17,16.00.04,0,2,97,4,
1660,2019-12-17,18.00.04,0,2,97,2,
1661,2019-12-17,20.00.04,0,0,96,6,
1662,2019-12-17,22.00.04,-0,1,95,9,
1663,2019-12-18,00.00.04,0,0,96,0,
1664,2019-12-18,02.00.04,0,1,96,6,
1665,2019-12-18,04.00.04,0,1,97,2,
1666,2019-12-18,06.00.04,0,2,97,5,
1667,2019-12-18,08.00.04,0,3,97,8,
1668,2019-12-18,10.00.04,0,2,97,9,
1669,2019-12-18,12.00.04,0,1,98,0,
1670,2019-12-18,14.00.04,0,1,98,1,
1671,2019-12-18,16.00.04,0,1,98,1,
1672,2019-12-18,18.00.04,0,1,98,2,
1673,2019-12-18,20.00.04,0,1,98,2,
1674,2019-12-18,22.00.04,0,0,98,2,
1675,2019-12-19,00.00.04,-0,2,97,8,
1676,2019-12-19,02.00.04,-0,7,96,6,
1677,2019-12-19,04.00.04,-1,0,96,1,
1678,2019-12-19,06.00.04,-1,1,96,1,
1679,2019-12-19,08.00.04,-1,1,95,7,
1680,2019-12-19,10.00.04,-1,2,95,7,
1681,2019-12-19,12.00.04,-1,6,95,8,
1682,2019-12-19,14.00.04,-1,1,95,7,
1683,2019-12-19,16.00.04,-0,7,95,9,
1684,2019-12-19,18.00.04,-0,6,96,4,
1685,2019-12-19,20.00.04,-0,5,96,7,
1686,2019-12-19,22.00.04,-0,4,96,9,
1687,2019-12-20,00.00.04,-0,7,96,7,
1688,2019-12-20,02.00.04,-1,0,96,4,
1689,2019-12-20,04.00.04,-0,5,96,8,
1690,2019-12-20,06.00.04,-0,2,97,2,
1691,2019-12-20,08.00.04,0,1,97,3,
1692,2019-12-20,10.00.04,0,2,97,4,
1693,2019-12-20,12.00.04,0,2,97,5,
1694,2019-12-20,14.00.04,0,3,97,6,
1695,2019-12-20,16.00.04,0,4,97,8,
1696,2019-12-20,18.00.04,0,5,97,9,
1697,2019-12-20,20.00.04,0,5,98,1,
1698,2019-12-20,22.00.04,0,5,98,2,
1699,2019-12-21,00.00.04,0,6,98,2,
1700,2019-12-21,02.00.04,0,7,98,2,
1701,2019-12-21,04.00.04,0,8,98,2,
1702,2019-12-21,06.00.04,0,8,98,3,
1703,2019-12-21,08.00.04,0,7,98,3,
1704,2019-12-21,10.00.04,0,8,98,3,
1705,2019-12-21,12.00.04,0,8,98,3,
1706,2019-12-21,14.00.04,0,8,98,3,
1707,2019-12-21,16.00.04,0,6,98,3,
1708,2019-12-21,18.00.04,0,7,98,3,
1709,2019-12-21,20.00.04,0,7,98,3,
1710,2019-12-21,22.00.04,0,5,98,2,
1711,2019-12-22,00.00.04,0,5,98,3,
1712,2019-12-22,02.00.04,0,5,98,3,
1713,2019-12-22,04.00.04,0,6,98,3,
1714,2019-12-22,06.00.04,0,5,98,3,
1715,2019-12-22,08.00.04,0,4,98,4,
1716,2019-12-22,10.00.04,0,4,98,4,
1717,2019-12-22,12.00.04,0,5,98,4,
1718,2019-12-22,14.00.04,0,5,98,4,
1719,2019-12-22,16.00.04,0,6,98,4,
1720,2019-12-22,18.00.04,1,4,98,3,
1721,2019-12-22,20.00.04,2,0,98,2,
1722,2019-12-22,22.00.04,2,6,98,2,
1723,2019-12-23,00.00.04,2,4,98,2,
1724,2019-12-23,02.00.04,2,1,98,2,
1725,2019-12-23,04.00.04,1,8,98,2,
1726,2019-12-23,06.00.04,1,5,98,2,
1727,2019-12-23,08.00.04,0,8,98,3,
1728,2019-12-23,10.00.04,1,0,98,3,
1729,2019-12-23,12.00.04,0,7,98,3,
1730,2019-12-23,14.00.04,0,8,98,3,
1731,2019-12-23,16.00.04,0,6,98,3,
1732,2019-12-23,18.00.04,0,4,98,3,
1733,2019-12-23,20.00.04,0,5,98,4,
1734,2019-12-23,22.00.04,0,5,98,3,
1735,2019-12-24,00.00.04,0,6,98,3,
1736,2019-12-24,02.00.04,0,6,98,4,
1737,2019-12-24,04.00.04,0,3,98,4,
1738,2019-12-24,06.00.04,0,2,98,3,
1739,2019-12-24,08.00.04,0,1,98,3,
1740,2019-12-24,10.00.04,0,1,98,4,
1741,2019-12-24,12.00.04,0,2,98,4,
1742,2019-12-24,14.00.04,0,1,98,4,
1743,2019-12-24,16.00.04,-0,1,98,4,
1744,2019-12-24,18.00.04,-0,3,98,4,
1745,2019-12-24,20.00.04,-0,4,98,4,
1746,2019-12-24,22.00.04,-0,2,98,4,
1747,2019-12-25,00.00.04,-0,2,98,3,
1748,2019-12-25,02.00.04,-0,3,98,4,
1749,2019-12-25,04.00.04,-0,5,98,4,
1750,2019-12-25,06.00.04,-0,5,98,4,
1751,2019-12-25,08.00.04,-0,6,98,3,
1752,2019-12-25,10.00.04,-0,6,98,3,
1753,2019-12-25,12.00.04,-0,5,98,3,
1754,2019-12-25,14.00.04,-0,3,98,3,
1755,2019-12-25,16.00.04,-0,4,98,3,
1756,2019-12-25,18.00.04,-0,6,98,3,
1757,2019-12-25,20.00.04,-0,7,98,3,
1758,2019-12-25,22.00.04,-0,7,97,6,
1759,2019-12-26,00.00.04,-0,8,97,3,
1760,2019-12-26,02.00.04,-1,0,97,2,
1761,2019-12-26,04.00.04,-1,3,96,8,
1762,2019-12-26,06.00.04,-1,6,96,5,
1763,2019-12-26,08.00.04,-1,6,96,5,
1764,2019-12-26,10.00.04,-1,5,96,5,
1765,2019-12-26,12.00.04,-1,7,96,2,
1766,2019-12-26,14.00.04,-1,8,96,0,
1767,2019-12-26,16.00.04,-2,0,95,8,
1768,2019-12-26,18.00.04,-2,3,95,7,
1769,2019-12-26,20.00.04,-2,3,95,6,
1770,2019-12-26,22.00.04,-2,3,95,1,
1771,2019-12-27,00.00.04,-2,3,94,6,
1772,2019-12-27,02.00.04,-2,7,94,2,
1773,2019-12-27,04.00.04,-3,9,93,3,
1774,2019-12-27,06.00.04,-5,9,92,5,
1775,2019-12-27,08.00.04,-7,1,92,6,
1776,2019-12-27,10.00.04,-8,1,92,6,
1777,2019-12-27,12.00.04,-8,8,92,6,
1778,2019-12-27,14.00.04,-8,0,92,4,
1779,2019-12-27,16.00.04,-7,9,93,2,
1780,2019-12-27,18.00.04,-8,0,93,2,
1781,2019-12-27,20.00.04,-8,8,92,8,
1782,2019-12-27,22.00.04,-10,0,92,3,
1783,2019-12-28,00.00.04,-10,7,92,6,
1784,2019-12-28,02.00.04,-10,3,93,0,
1785,2019-12-28,04.00.04,-10,5,93,0,
1786,2019-12-28,06.00.04,-10,6,92,8,
1787,2019-12-28,08.00.04,-11,2,92,8,
1788,2019-12-28,10.00.04,-13,0,92,4,
1789,2019-12-28,12.00.04,-13,2,92,8,
1790,2019-12-28,14.00.04,-12,4,92,2,
1791,2019-12-28,16.00.04,-11,4,93,4,
1792,2019-12-28,18.00.04,-10,7,93,2,
1793,2019-12-28,20.00.04,-10,0,91,4,
1794,2019-12-28,22.00.04,-8,1,92,1,
1795,2019-12-29,00.00.04,-7,3,91,7,
1796,2019-12-29,02.00.04,-6,2,92,2,
1797,2019-12-29,04.00.04,-5,4,93,1,
1798,2019-12-29,06.00.04,-3,9,93,4,
1799,2019-12-29,08.00.04,-2,6,94,4,
1800,2019-12-29,10.00.04,-1,2,95,3,
1801,2019-12-29,12.00.04,0,1,96,1,
1802,2019-12-29,14.00.04,0,2,96,4,
1803,2019-12-29,16.00.04,0,3,96,5,
1804,2019-12-29,18.00.04,0,4,96,9,
1805,2019-12-29,20.00.04,0,6,97,2,
1806,2019-12-29,22.00.04,0,9,97,4,
1807,2019-12-30,00.00.04,1,7,97,6,
1808,2019-12-30,02.00.04,2,7,97,7,
1809,2019-12-30,04.00.04,3,1,97,8,
1810,2019-12-30,06.00.04,3,1,97,8,
1811,2019-12-30,08.00.04,3,2,97,8,
1812,2019-12-30,10.00.04,3,1,97,8,
1813,2019-12-30,12.00.04,3,0,97,9,
1814,2019-12-30,14.00.04,3,1,97,9,
1815,2019-12-30,16.00.04,2,6,97,9,
1816,2019-12-30,18.00.04,1,6,97,9,
1817,2019-12-30,20.00.04,1,9,97,8,
1818,2019-12-30,22.00.04,2,5,96,6,
1819,2019-12-31,00.00.04,2,1,93,9,
1820,2019-12-31,02.00.04,1,9,93,0,
1821,2019-12-31,04.00.04,1,8,94,5,
1822,2019-12-31,06.00.04,1,9,94,7,
1823,2019-12-31,08.00.04,-0,1,92,7,
1824,2019-12-31,10.00.04,-1,2,92,4,
1825,2019-12-31,12.00.04,-1,1,90,6,
1826,2019-12-31,14.00.04,-1,4,88,8,
1827,2019-12-31,16.00.04,-2,4,87,4,
1828,2019-12-31,18.00.04,-3,8,88,6,
1829,2019-12-31,20.00.04,-3,7,90,2,
1830,2019-12-31,22.00.04,-3,2,91,0,
1831,2020-01-01,00.00.04,-2,8,91,4,
1832,2020-01-01,02.00.04,-2,6,92,9,
1833,2020-01-01,04.00.04,-2,1,94,0,
1834,2020-01-01,06.00.04,-2,0,94,1,
1835,2020-01-01,08.00.04,-1,9,94,9,
1836,2020-01-01,10.00.04,-0,3,95,5,
1837,2020-01-01,12.00.04,1,2,93,5,
1838,2020-01-01,14.00.04,2,2,92,0,
1839,2020-01-01,16.00.04,2,5,90,0,
1840,2020-01-01,18.00.04,2,8,88,0,
1841,2020-01-01,20.00.04,2,4,88,2,
1842,2020-01-01,22.00.04,1,6,90,5,
1843,2020-01-02,00.00.04,4,2,78,8,
1844,2020-01-02,02.00.04,3,4,86,0,
1845,2020-01-02,04.00.04,2,4,86,7,
1846,2020-01-02,06.00.04,2,7,86,8,
1847,2020-01-02,08.00.04,3,1,86,9,
1848,2020-01-02,10.00.04,2,8,87,8,
1849,2020-01-02,12.00.04,2,9,87,1,
1850,2020-01-02,14.00.04,2,3,88,4,
1851,2020-01-02,16.00.04,2,6,89,6,
1852,2020-01-02,18.00.04,2,5,89,2,
1853,2020-01-02,20.00.04,3,0,87,9,
1854,2020-01-02,22.00.04,3,3,88,5,
1855,2020-01-03,00.00.04,3,7,88,5,
1856,2020-01-03,02.00.04,4,0,87,9,
1857,2020-01-03,04.00.04,4,2,87,7,
1858,2020-01-03,06.00.04,4,4,86,9,
1859,2020-01-03,08.00.04,3,9,86,7,
1860,2020-01-03,10.00.04,3,6,89,4,
1861,2020-01-03,12.00.04,2,6,93,0,
1862,2020-01-03,14.00.04,2,6,93,8,
1863,2020-01-03,16.00.04,3,2,94,6,
1864,2020-01-03,18.00.04,3,5,93,8,
1865,2020-01-03,20.00.04,0,0,95,0,
1866,2020-01-03,22.00.04,0,0,94,4,
1867,2020-01-04,00.00.04,-0,9,91,7,
1868,2020-01-04,02.00.04,-1,5,90,6,
1869,2020-01-04,04.00.04,-1,4,91,3,
1870,2020-01-04,06.00.04,-1,3,89,8,
1871,2020-01-04,08.00.04,-0,9,87,2,
1872,2020-01-04,10.00.04,-0,9,88,8,
1873,2020-01-04,12.00.04,-0,5,88,5,
1874,2020-01-04,14.00.04,-0,1,92,1,
1875,2020-01-04,16.00.04,-1,7,87,3,
1876,2020-01-04,18.00.04,-2,1,88,8,
1877,2020-01-04,20.00.04,-0,6,84,4,
1878,2020-01-04,22.00.04,-1,0,83,0,
1879,2020-01-05,00.00.04,-1,2,77,2,
1880,2020-01-05,02.00.04,-1,6,78,1,
1881,2020-01-05,04.00.04,-2,2,83,1,
1882,2020-01-05,06.00.04,-3,3,78,7,
1883,2020-01-05,08.00.04,-4,4,77,5,
1884,2020-01-05,10.00.04,-5,7,80,6,
1885,2020-01-05,12.00.04,-6,1,86,5,
1886,2020-01-05,14.00.04,-5,5,85,6,
1887,2020-01-05,16.00.04,-6,1,87,5,
1888,2020-01-05,18.00.04,-5,8,86,6,
1889,2020-01-05,20.00.04,-5,1,80,0,
1890,2020-01-05,22.00.04,-4,0,79,5,
1891,2020-01-06,00.00.04,-4,1,91,0,
1892,2020-01-06,02.00.04,-3,3,92,3,
1893,2020-01-06,04.00.04,-2,2,93,0,
1894,2020-01-06,06.00.04,-1,3,94,3,
1895,2020-01-06,08.00.04,-0,4,95,4,
1896,2020-01-06,10.00.04,-0,3,95,8,
1897,2020-01-06,12.00.04,-0,2,96,0,
1898,2020-01-06,14.00.04,-0,1,96,1,
1899,2020-01-06,16.00.04,-0,2,96,1,
1900,2020-01-06,18.00.04,-0,4,96,4,
1901,2020-01-06,20.00.04,-0,4,96,3,
1902,2020-01-06,22.00.04,-0,7,96,5,
1903,2020-01-07,00.00.04,-0,4,96,7,
1904,2020-01-07,02.00.04,0,0,96,8,
1905,2020-01-07,04.00.04,0,2,97,0,
1906,2020-01-07,06.00.04,0,7,97,2,
1907,2020-01-07,08.00.04,1,5,97,3,
1908,2020-01-07,10.00.04,1,9,97,2,
1909,2020-01-07,12.00.04,2,6,97,3,
1910,2020-01-07,14.00.04,2,8,97,3,
1911,2020-01-07,16.00.04,2,7,97,1,
1912,2020-01-07,18.00.04,2,7,96,8,
1913,2020-01-07,20.00.04,2,7,96,1,
1914,2020-01-07,22.00.04,2,6,94,9,
1915,2020-01-08,00.00.04,2,9,93,7,
1916,2020-01-08,02.00.04,2,8,94,6,
1917,2020-01-08,04.00.04,3,3,92,6,
1918,2020-01-08,06.00.04,3,5,90,5,
1919,2020-01-08,08.00.04,2,9,94,6,
1920,2020-01-08,10.00.04,3,3,94,7,
1921,2020-01-08,12.00.04,3,6,95,4,
1922,2020-01-08,14.00.04,4,2,95,7,
1923,2020-01-08,16.00.04,4,6,95,7,
1924,2020-01-08,18.00.04,5,4,95,7,
1925,2020-01-08,20.00.04,2,2,95,0,
1926,2020-01-08,22.00.04,1,3,96,4,
1927,2020-01-09,00.00.04,1,2,96,4,
1928,2020-01-09,02.00.04,0,8,95,6,
1929,2020-01-09,04.00.04,0,3,93,8,
1930,2020-01-09,06.00.04,0,1,92,9,
1931,2020-01-09,08.00.04,0,4,91,4,
1932,2020-01-09,10.00.04,0,4,90,9,
1933,2020-01-09,12.00.04,0,3,89,5,
1934,2020-01-09,14.00.04,1,2,86,0,
1935,2020-01-09,16.00.04,0,9,84,4,
1936,2020-01-09,18.00.04,-0,3,86,7,
1937,2020-01-09,20.00.04,-0,8,87,8,
1938,2020-01-09,22.00.04,-2,0,90,0,
1939,2020-01-10,00.00.04,-2,1,90,5,
1940,2020-01-10,02.00.04,-2,3,90,1,
1941,2020-01-10,04.00.04,-2,7,91,4,
1942,2020-01-10,06.00.04,-2,7,92,2,
1943,2020-01-10,08.00.04,-3,0,93,5,
1944,2020-01-10,10.00.04,-3,5,94,3,
1945,2020-01-10,12.00.04,-3,0,93,5,
1946,2020-01-10,14.00.04,-1,7,91,6,
1947,2020-01-10,16.00.04,-1,7,88,6,
1948,2020-01-10,18.00.04,-3,2,90,7,
1949,2020-01-10,20.00.04,-3,5,91,4,
1950,2020-01-10,22.00.04,-2,8,91,9,
1951,2020-01-11,00.00.04,-2,7,92,5,
1952,2020-01-11,02.00.04,-2,3,90,7,
1953,2020-01-11,04.00.04,-2,3,91,9,
1954,2020-01-11,06.00.04,-4,4,94,1,
1955,2020-01-11,08.00.04,-3,0,95,4,
1956,2020-01-11,10.00.04,-2,6,95,5,
1957,2020-01-11,12.00.04,-2,5,94,8,
1958,2020-01-11,14.00.04,-2,3,93,1,
1959,2020-01-11,16.00.04,-1,6,89,5,
1960,2020-01-11,18.00.04,-0,2,82,7,
1961,2020-01-11,20.00.04,0,5,90,2,
1962,2020-01-11,22.00.04,0,7,93,4,
1963,2020-01-12,00.00.04,0,8,95,1,
1964,2020-01-12,02.00.04,0,8,95,5,
1965,2020-01-12,04.00.04,2,2,96,0,
1966,2020-01-12,06.00.04,2,8,96,3,
1967,2020-01-12,08.00.04,3,3,96,5,
1968,2020-01-12,10.00.04,3,4,96,8,
1969,2020-01-12,12.00.04,3,5,96,8,
1970,2020-01-12,14.00.04,3,0,96,3,
1971,2020-01-12,16.00.04,1,4,95,1,
1972,2020-01-12,18.00.04,-0,1,96,0,
1973,2020-01-12,20.00.04,-0,1,96,7,
1974,2020-01-12,22.00.04,0,2,96,9,
1975,2020-01-13,00.00.04,0,0,96,5,
1976,2020-01-13,02.00.04,-0,3,96,2,
1977,2020-01-13,04.00.04,-0,5,95,2,
1978,2020-01-13,06.00.04,-0,4,95,4,
1979,2020-01-13,08.00.04,-0,2,93,7,
1980,2020-01-13,10.00.04,-0,2,93,3,
1981,2020-01-13,12.00.04,-0,2,93,0,
1982,2020-01-13,14.00.04,-0,1,92,3,
1983,2020-01-13,16.00.04,-0,4,91,9,
1984,2020-01-13,18.00.04,-0,6,91,8,
1985,2020-01-13,20.00.04,-0,6,90,7,
1986,2020-01-13,22.00.04,-0,4,90,9,
1987,2020-01-14,00.00.04,-0,2,90,7,
1988,2020-01-14,02.00.04,0,2,90,4,
1989,2020-01-14,04.00.04,0,4,89,7,
1990,2020-01-14,06.00.04,0,4,89,4,
1991,2020-01-14,08.00.04,0,6,90,0,
1992,2020-01-14,10.00.04,1,0,90,3,
1993,2020-01-14,12.00.04,1,0,88,8,
1994,2020-01-14,14.00.04,1,6,88,6,
1995,2020-01-14,16.00.04,2,3,87,8,
1996,2020-01-14,18.00.04,2,8,87,1,
1997,2020-01-14,20.00.04,2,2,90,9,
1998,2020-01-14,22.00.04,1,6,92,9,
1999,2020-01-15,00.00.04,1,7,93,6,
2000,2020-01-15,02.00.04,2,4,95,4,
2001,2020-01-15,04.00.04,2,8,93,4,
2002,2020-01-15,06.00.04,2,6,92,2,
2003,2020-01-15,08.00.04,2,7,91,7,
2004,2020-01-15,10.00.04,1,9,94,0,
2005,2020-01-15,12.00.04,3,1,95,9,
2006,2020-01-15,14.00.04,5,9,96,0,
2007,2020-01-15,16.00.04,5,8,93,0,
2008,2020-01-15,18.00.04,5,1,89,5,
2009,2020-01-15,20.00.04,4,0,91,4,
2010,2020-01-15,22.00.04,3,1,87,8,
2011,2020-01-16,00.00.04,2,2,88,8,
2012,2020-01-16,02.00.04,1,6,91,0,
2013,2020-01-16,04.00.04,1,3,92,8,
2014,2020-01-16,06.00.04,2,4,90,8,
2015,2020-01-16,08.00.04,2,6,90,5,
2016,2020-01-16,10.00.04,2,4,92,3,
2017,2020-01-16,12.00.04,2,8,91,6,
2018,2020-01-16,14.00.04,3,4,89,4,
2019,2020-01-16,16.00.04,3,4,89,1,
2020,2020-01-16,18.00.04,2,9,92,1,
2021,2020-01-16,20.00.04,3,1,91,9,
2022,2020-01-16,22.00.04,1,5,93,2,
2023,2020-01-17,00.00.04,0,5,94,6,
2024,2020-01-17,02.00.04,0,8,96,1,
2025,2020-01-17,04.00.04,0,8,95,5,
2026,2020-01-17,06.00.04,1,1,94,6,
2027,2020-01-17,08.00.04,1,5,93,0,
2028,2020-01-17,10.00.04,1,5,93,0,
2029,2020-01-17,12.00.04,2,0,92,3,
2030,2020-01-17,14.00.04,2,7,91,5,
2031,2020-01-17,16.00.04,2,9,91,2,
2032,2020-01-17,18.00.04,2,8,92,4,
2033,2020-01-17,20.00.04,3,6,91,0,
2034,2020-01-17,22.00.04,3,7,91,3,
2035,2020-01-18,00.00.04,3,7,92,4,
2036,2020-01-18,02.00.04,3,7,92,8,
2037,2020-01-18,04.00.04,3,4,92,9,
2038,2020-01-18,06.00.04,3,3,94,2,
2039,2020-01-18,08.00.04,3,7,92,5,
2040,2020-01-18,10.00.04,2,8,89,8,
2041,2020-01-18,12.00.04,1,5,86,7,
2042,2020-01-18,14.00.04,1,0,88,2,
2043,2020-01-18,16.00.04,0,9,94,0,
2044,2020-01-18,18.00.04,1,6,95,5,
2045,2020-01-18,20.00.04,2,7,96,1,
2046,2020-01-18,22.00.04,3,1,96,1,
2047,2020-01-19,00.00.04,3,3,95,7,
2048,2020-01-19,02.00.04,3,3,93,5,
2049,2020-01-19,04.00.04,2,8,93,4,
2050,2020-01-19,06.00.04,2,5,93,0,
2051,2020-01-19,08.00.04,2,5,93,2,
2052,2020-01-19,10.00.04,1,4,93,1,
2053,2020-01-19,12.00.04,-0,6,91,0,
2054,2020-01-19,14.00.04,-0,9,90,8,
2055,2020-01-19,16.00.04,-0,4,91,7,
2056,2020-01-19,18.00.04,0,1,92,9,
2057,2020-01-19,20.00.04,0,3,93,2,
2058,2020-01-19,22.00.04,0,0,93,4,
2059,2020-01-20,00.00.04,-0,6,93,7,
2060,2020-01-20,02.00.04,-0,7,93,7,
2061,2020-01-20,04.00.04,-0,6,93,8,
2062,2020-01-20,06.00.04,0,2,95,5,
2063,2020-01-20,08.00.04,0,3,94,3,
2064,2020-01-20,10.00.04,-0,1,91,6,
2065,2020-01-20,12.00.04,0,6,87,9,
2066,2020-01-20,14.00.04,1,1,87,2,
2067,2020-01-20,16.00.04,1,3,88,7,
2068,2020-01-20,18.00.04,1,5,89,3,
2069,2020-01-20,20.00.04,1,2,90,2,
2070,2020-01-20,22.00.04,1,9,88,9,
2071,2020-01-21,00.00.04,3,6,87,2,
2072,2020-01-21,02.00.04,4,5,86,8,
2073,2020-01-21,04.00.04,5,1,86,0,
2074,2020-01-21,06.00.04,5,1,85,7,
2075,2020-01-21,08.00.04,6,5,80,1,
2076,2020-01-21,10.00.04,4,7,74,7,
2077,2020-01-21,12.00.04,3,3,68,5,
2078,2020-01-21,14.00.04,3,7,65,1,
2079,2020-01-21,16.00.04,2,4,68,5,
2080,2020-01-21,18.00.04,1,3,76,5,
2081,2020-01-21,20.00.04,1,2,77,1,
2082,2020-01-21,22.00.04,1,4,77,5,
2083,2020-01-22,00.00.04,1,5,76,4,
2084,2020-01-22,02.00.04,1,6,78,2,
2085,2020-01-22,04.00.04,1,0,72,7,
2086,2020-01-22,06.00.04,-0,2,79,8,
2087,2020-01-22,08.00.04,-0,9,87,1,
2088,2020-01-22,10.00.04,-0,9,83,2,
2089,2020-01-22,12.00.04,-0,3,78,4,
2090,2020-01-22,14.00.04,-0,2,79,5,
2091,2020-01-22,16.00.04,-0,8,80,0,
2092,2020-01-22,18.00.04,-1,2,82,6,
2093,2020-01-22,20.00.04,-1,1,81,4,
2094,2020-01-22,22.00.04,-1,8,86,2,
2095,2020-01-23,00.00.04,-3,3,86,5,
2096,2020-01-23,02.00.04,-3,7,89,7,
2097,2020-01-23,04.00.04,-4,2,90,1,
2098,2020-01-23,06.00.04,-4,2,90,5,
2099,2020-01-23,08.00.04,-3,4,89,3,
2100,2020-01-23,10.00.04,-3,9,90,4,
2101,2020-01-23,12.00.04,-2,2,92,4,
2102,2020-01-23,14.00.04,-0,7,90,6,
2103,2020-01-23,16.00.04,-0,9,92,1,
2104,2020-01-23,18.00.04,-1,1,91,8,
2105,2020-01-23,20.00.04,-0,9,89,6,
2106,2020-01-23,22.00.04,-0,8,90,4,
2107,2020-01-24,00.00.04,-0,7,89,8,
2108,2020-01-24,02.00.04,0,3,90,4,
2109,2020-01-24,04.00.04,-0,4,91,5,
2110,2020-01-24,06.00.04,-1,4,90,6,
2111,2020-01-24,08.00.04,-0,5,93,1,
2112,2020-01-24,10.00.04,-0,2,91,7,
2113,2020-01-24,12.00.04,-1,1,94,7,
2114,2020-01-24,14.00.04,0,8,88,8,
2115,2020-01-24,16.00.04,0,5,88,1,
2116,2020-01-24,18.00.04,-0,8,89,3,
2117,2020-01-24,20.00.04,-2,0,91,4,
2118,2020-01-24,22.00.04,-2,4,91,3,
2119,2020-01-25,00.00.04,-0,9,91,5,
2120,2020-01-25,02.00.04,-0,4,87,1,
2121,2020-01-25,04.00.04,-0,9,84,9,
2122,2020-01-25,06.00.04,-1,5,84,3,
2123,2020-01-25,08.00.04,-2,0,85,8,
2124,2020-01-25,10.00.04,-2,0,85,0,
2125,2020-01-25,12.00.04,-1,6,83,8,
2126,2020-01-25,14.00.04,-0,3,78,8,
2127,2020-01-25,16.00.04,-0,6,79,1,
2128,2020-01-25,18.00.04,-2,5,84,3,
2129,2020-01-25,20.00.04,-3,1,87,4,
2130,2020-01-25,22.00.04,-4,3,90,3,
2131,2020-01-26,00.00.04,-4,7,94,0,
2132,2020-01-26,02.00.04,-3,2,92,8,
2133,2020-01-26,04.00.04,-2,0,91,4,
2134,2020-01-26,06.00.04,-1,7,92,6,
2135,2020-01-26,08.00.04,-0,1,94,9,
2136,2020-01-26,10.00.04,0,6,94,7,
2137,2020-01-26,12.00.04,0,9,95,2,
2138,2020-01-26,14.00.04,0,9,94,9,
2139,2020-01-26,16.00.04,-0,3,94,1,
2140,2020-01-26,18.00.04,-1,8,92,3,
2141,2020-01-26,20.00.04,-2,2,92,0,
2142,2020-01-26,22.00.04,-3,4,91,8,
2143,2020-01-27,00.00.04,-4,8,92,1,
2144,2020-01-27,02.00.04,-5,1,92,1,
2145,2020-01-27,04.00.04,-5,1,91,6,
2146,2020-01-27,06.00.04,-5,6,90,0,
2147,2020-01-27,08.00.04,-6,0,90,0,
2148,2020-01-27,10.00.04,-6,3,90,6,
2149,2020-01-27,12.00.04,-6,4,91,2,
2150,2020-01-27,14.00.04,-5,7,91,1,
2151,2020-01-27,16.00.04,-5,1,91,1,
2152,2020-01-27,18.00.04,-4,9,91,7,
2153,2020-01-27,20.00.04,-4,4,92,1,
2154,2020-01-27,22.00.04,-4,0,92,1,
2155,2020-01-28,00.00.04,-3,9,93,1,
2156,2020-01-28,02.00.04,-3,8,93,1,
2157,2020-01-28,04.00.04,-3,5,93,2,
2158,2020-01-28,06.00.04,-3,2,93,6,
2159,2020-01-28,08.00.04,-2,7,93,7,
2160,2020-01-28,10.00.04,-2,3,94,2,
2161,2020-01-28,12.00.04,-1,0,94,6,
2162,2020-01-28,14.00.04,0,2,95,0,
2163,2020-01-28,16.00.04,0,3,95,7,
2164,2020-01-28,18.00.04,0,5,96,3,
2165,2020-01-28,20.00.04,0,3,96,5,
2166,2020-01-28,22.00.04,0,4,96,7,
2167,2020-01-29,00.00.04,0,2,96,8,
2168,2020-01-29,02.00.04,0,3,96,8,
2169,2020-01-29,04.00.04,0,2,96,9,
2170,2020-01-29,06.00.04,0,2,96,9,
2171,2020-01-29,08.00.04,0,0,97,0,
2172,2020-01-29,10.00.04,-0,1,97,0,
2173,2020-01-29,12.00.04,-0,1,96,8,
2174,2020-01-29,14.00.04,-0,1,94,5,
2175,2020-01-29,16.00.04,-0,2,93,3,
2176,2020-01-29,18.00.04,-0,7,93,2,
2177,2020-01-29,20.00.04,-1,0,93,3,
2178,2020-01-29,22.00.04,-1,2,93,9,
2179,2020-01-30,00.00.04,-1,2,93,7,
2180,2020-01-30,02.00.04,-1,3,93,9,
2181,2020-01-30,04.00.04,-1,4,94,0,
2182,2020-01-30,06.00.04,-1,4,94,6,
2183,2020-01-30,08.00.04,-1,6,94,3,
2184,2020-01-30,10.00.04,-1,3,95,1,
2185,2020-01-30,12.00.04,-1,1,94,3,
2186,2020-01-30,14.00.04,-0,9,93,7,
2187,2020-01-30,16.00.04,-0,8,94,1,
2188,2020-01-30,18.00.04,-1,1,94,6,
2189,2020-01-30,20.00.04,-1,2,94,7,
2190,2020-01-30,22.00.04,-1,3,94,5,
2191,2020-01-31,00.00.04,-1,5,94,3,
2192,2020-01-31,02.00.04,-1,5,94,3,
2193,2020-01-31,04.00.04,-1,6,94,5,
2194,2020-01-31,06.00.04,-1,6,95,2,
2195,2020-01-31,08.00.04,-1,7,95,3,
2196,2020-01-31,10.00.04,-1,9,94,9,
2197,2020-01-31,12.00.04,-1,8,93,6,
2198,2020-01-31,14.00.04,-1,4,92,9,
2199,2020-01-31,16.00.04,-1,5,93,3,
2200,2020-01-31,18.00.04,-1,8,93,8,
2201,2020-01-31,20.00.04,-2,0,93,8,
2202,2020-01-31,22.00.04,-2,0,94,5,
2203,2020-02-01,00.00.04,-2,1,94,6,
2204,2020-02-01,02.00.04,-2,0,95,2,
2205,2020-02-01,04.00.04,-1,9,95,4,
2206,2020-02-01,06.00.04,-1,7,95,4,
2207,2020-02-01,08.00.04,-1,5,94,8,
2208,2020-02-01,10.00.04,-1,1,95,0,
2209,2020-02-01,12.00.04,-0,8,94,5,
2210,2020-02-01,14.00.04,-0,1,95,2,
2211,2020-02-01,16.00.04,0,2,95,2,
2212,2020-02-01,18.00.04,0,1,95,5,
2213,2020-02-01,20.00.04,0,1,95,5,
2214,2020-02-01,22.00.04,0,1,95,7,
2215,2020-02-02,00.00.04,0,2,96,2,
2216,2020-02-02,02.00.04,0,5,96,8,
2217,2020-02-02,04.00.04,0,9,97,1,
2218,2020-02-02,06.00.04,0,3,97,1,
2219,2020-02-02,08.00.04,0,8,97,4,
2220,2020-02-02,10.00.04,0,4,97,4,
2221,2020-02-02,12.00.04,1,0,97,6,
2222,2020-02-02,14.00.04,0,7,97,5,
2223,2020-02-02,16.00.04,0,4,96,6,
2224,2020-02-02,18.00.04,0,2,95,4,
2225,2020-02-02,20.00.04,0,0,95,8,
2226,2020-02-02,22.00.04,0,0,95,8,
2227,2020-02-03,00.00.04,-0,4,95,0,
2228,2020-02-03,02.00.04,-1,3,92,7,
2229,2020-02-03,04.00.04,-2,0,90,6,
2230,2020-02-03,06.00.04,-2,1,91,3,
2231,2020-02-03,08.00.04,-2,3,89,9,
2232,2020-02-03,10.00.04,-2,5,88,6,
2233,2020-02-03,12.00.04,-3,0,87,2,
2234,2020-02-03,14.00.04,-1,7,84,4,
2235,2020-02-03,16.00.04,-2,3,83,7,
2236,2020-02-03,18.00.04,-4,2,86,9,
2237,2020-02-03,20.00.04,-4,5,87,5,
2238,2020-02-03,22.00.04,-5,1,88,9,
2239,2020-02-04,00.00.04,-7,3,91,5,
2240,2020-02-04,02.00.04,-9,4,91,9,
2241,2020-02-04,04.00.04,-8,7,93,1,
2242,2020-02-04,06.00.04,-8,8,92,7,
2243,2020-02-04,08.00.04,-8,2,93,3,
2244,2020-02-04,10.00.04,-10,4,91,9,
2245,2020-02-04,12.00.04,-9,3,92,2,
2246,2020-02-04,14.00.04,-6,7,91,0,
2247,2020-02-04,16.00.04,-6,1,90,8,
2248,2020-02-04,18.00.04,-8,2,90,9,
2249,2020-02-04,20.00.04,-10,1,91,7,
2250,2020-02-04,22.00.04,-8,4,93,9,
2251,2020-02-05,00.00.04,-11,2,90,7,
2252,2020-02-05,02.00.04,-11,2,94,0,
2253,2020-02-05,04.00.04,-9,2,93,6,
2254,2020-02-05,06.00.04,-7,1,92,7,
2255,2020-02-05,08.00.04,-4,6,92,5,
2256,2020-02-05,10.00.04,-5,1,91,7,
2257,2020-02-05,12.00.04,-3,6,91,1,
2258,2020-02-05,14.00.04,-2,2,89,7,
2259,2020-02-05,16.00.04,-1,3,91,9,
2260,2020-02-05,18.00.04,-0,9,93,4,
2261,2020-02-05,20.00.04,-0,6,93,6,
2262,2020-02-05,22.00.04,-0,3,94,3,
2263,2020-02-06,00.00.04,-2,3,91,4,
2264,2020-02-06,02.00.04,-4,4,89,9,
2265,2020-02-06,04.00.04,-6,6,89,1,
2266,2020-02-06,06.00.04,-8,5,89,3,
2267,2020-02-06,08.00.04,-10,2,90,8,
2268,2020-02-06,10.00.04,-10,5,90,4,
2269,2020-02-06,12.00.04,-8,8,88,6,
2270,2020-02-06,14.00.04,-5,3,84,4,
2271,2020-02-06,16.00.04,-4,6,84,4,
2272,2020-02-06,18.00.04,-6,6,88,7,
2273,2020-02-06,20.00.04,-7,2,89,7,
2274,2020-02-06,22.00.04,-7,4,90,4,
2275,2020-02-07,00.00.04,-9,4,91,9,
2276,2020-02-07,02.00.04,-10,1,92,4,
2277,2020-02-07,04.00.04,-11,7,90,7,
2278,2020-02-07,06.00.04,-13,2,89,0,
2279,2020-02-07,08.00.04,-11,0,92,1,
2280,2020-02-07,10.00.04,-11,0,91,6,
2281,2020-02-07,12.00.04,-7,9,91,7,
2282,2020-02-07,14.00.04,-5,1,89,5,
2283,2020-02-07,16.00.04,-3,9,92,0,
2284,2020-02-07,18.00.04,-3,4,91,7,
2285,2020-02-07,20.00.04,-2,5,94,7,
2286,2020-02-07,22.00.04,-1,2,95,7,
2287,2020-02-08,00.00.04,-0,2,96,1,
2288,2020-02-08,02.00.04,-0,3,96,4,
2289,2020-02-08,04.00.04,-0,4,96,5,
2290,2020-02-08,06.00.04,-0,4,96,6,
2291,2020-02-08,08.00.04,-0,9,96,6,
2292,2020-02-08,10.00.04,-1,4,96,6,
2293,2020-02-08,12.00.04,-0,8,96,0,
2294,2020-02-08,14.00.04,-0,4,95,2,
2295,2020-02-08,16.00.04,-0,8,94,8,
2296,2020-02-08,18.00.04,-0,8,95,9,
2297,2020-02-08,20.00.04,-0,7,96,1,
2298,2020-02-08,22.00.04,-0,6,96,2,
2299,2020-02-09,00.00.04,-0,8,95,4,
2300,2020-02-09,02.00.04,-0,4,95,4,
2301,2020-02-09,04.00.04,-0,4,95,4,
2302,2020-02-09,06.00.04,-0,4,94,9,
2303,2020-02-09,08.00.04,-0,4,94,1,
2304,2020-02-09,10.00.04,-0,3,94,8,
2305,2020-02-09,12.00.04,0,5,95,0,
2306,2020-02-09,14.00.04,0,9,95,8,
2307,2020-02-09,16.00.04,1,4,96,0,
2308,2020-02-09,18.00.04,1,1,96,0,
2309,2020-02-09,20.00.04,1,4,92,9,
2310,2020-02-09,22.00.04,2,2,94,4,
2311,2020-02-10,00.00.04,2,6,94,5,
2312,2020-02-10,02.00.04,2,3,92,5,
2313,2020-02-10,04.00.04,1,8,93,3,
2314,2020-02-10,06.00.04,1,9,92,5,
2315,2020-02-10,08.00.04,2,2,93,3,
2316,2020-02-10,10.00.04,2,6,94,6,
2317,2020-02-10,12.00.04,2,6,95,7,
2318,2020-02-10,14.00.04,2,8,95,9,
2319,2020-02-10,16.00.04,3,4,93,7,
2320,2020-02-10,18.00.04,3,2,93,8,
2321,2020-02-10,20.00.04,2,7,94,7,
2322,2020-02-10,22.00.04,2,5,94,6,
2323,2020-02-11,00.00.04,2,3,95,4,
2324,2020-02-11,02.00.04,1,3,94,6,
2325,2020-02-11,04.00.04,0,2,92,7,
2326,2020-02-11,06.00.04,-0,4,92,0,
2327,2020-02-11,08.00.04,-0,6,91,3,
2328,2020-02-11,10.00.04,-0,5,91,7,
2329,2020-02-11,12.00.04,0,4,90,3,
2330,2020-02-11,14.00.04,1,0,88,9,
2331,2020-02-11,16.00.04,1,1,87,9,
2332,2020-02-11,18.00.04,1,0,88,5,
2333,2020-02-11,20.00.04,0,5,92,1,
2334,2020-02-11,22.00.04,0,4,94,1,
2335,2020-02-12,00.00.04,0,6,92,3,
2336,2020-02-12,02.00.04,0,7,92,1,
2337,2020-02-12,04.00.04,0,6,93,3,
2338,2020-02-12,06.00.04,0,8,91,9,
2339,2020-02-12,08.00.04,0,9,91,2,
2340,2020-02-12,10.00.04,0,9,90,8,
2341,2020-02-12,12.00.04,1,3,87,3,
2342,2020-02-12,14.00.04,1,4,88,0,
2343,2020-02-12,16.00.04,1,6,88,7,
2344,2020-02-12,18.00.04,0,8,93,3,
2345,2020-02-12,20.00.04,0,8,92,5,
2346,2020-02-12,22.00.04,0,9,92,8,
2347,2020-02-13,00.00.04,0,8,93,6,
2348,2020-02-13,02.00.04,0,7,95,1,
2349,2020-02-13,04.00.04,0,5,95,1,
2350,2020-02-13,06.00.04,0,2,95,5,
2351,2020-02-13,08.00.04,0,2,95,9,
2352,2020-02-13,10.00.04,-0,1,96,0,
2353,2020-02-13,12.00.04,0,2,93,9,
2354,2020-02-13,14.00.04,0,2,90,5,
2355,2020-02-13,16.00.04,0,3,90,8,
2356,2020-02-13,18.00.04,0,1,91,4,
2357,2020-02-13,20.00.04,-0,4,93,0,
2358,2020-02-13,22.00.04,-0,6,90,2,
2359,2020-02-14,00.00.04,-0,9,90,6,
2360,2020-02-14,02.00.04,-1,2,90,3,
2361,2020-02-14,04.00.04,-1,4,92,1,
2362,2020-02-14,06.00.04,-1,3,90,7,
2363,2020-02-14,08.00.04,-2,0,89,8,
2364,2020-02-14,10.00.04,-2,1,88,9,
2365,2020-02-14,12.00.04,-1,1,87,2,
2366,2020-02-14,14.00.04,0,7,83,4,
2367,2020-02-14,16.00.04,0,3,85,4,
2368,2020-02-14,18.00.04,-1,6,89,5,
2369,2020-02-14,20.00.04,-3,9,91,6,
2370,2020-02-14,22.00.04,-4,9,91,2,
2371,2020-02-15,00.00.04,-5,0,91,2,
2372,2020-02-15,02.00.04,-3,9,92,5,
2373,2020-02-15,04.00.04,-3,4,92,6,
2374,2020-02-15,06.00.04,-2,8,92,5,
2375,2020-02-15,08.00.04,-1,8,92,3,
2376,2020-02-15,10.00.04,-0,6,92,2,
2377,2020-02-15,12.00.04,0,3,92,1,
2378,2020-02-15,14.00.04,0,4,94,1,
2379,2020-02-15,16.00.04,0,6,95,3,
2380,2020-02-15,18.00.04,0,7,95,4,
2381,2020-02-15,20.00.04,0,5,95,8,
2382,2020-02-15,22.00.04,0,5,96,1,
2383,2020-02-16,00.00.04,0,8,96,4,
2384,2020-02-16,02.00.04,0,9,96,7,
2385,2020-02-16,04.00.04,1,0,96,8,
2386,2020-02-16,06.00.04,1,2,96,4,
2387,2020-02-16,08.00.04,1,6,96,6,
2388,2020-02-16,10.00.04,1,6,95,9,
2389,2020-02-16,12.00.04,1,7,94,6,
2390,2020-02-16,14.00.04,2,1,95,8,
2391,2020-02-16,16.00.04,2,4,95,8,
2392,2020-02-16,18.00.04,2,5,95,4,
2393,2020-02-16,20.00.04,3,2,94,9,
2394,2020-02-16,22.00.04,4,3,95,7,
2395,2020-02-17,00.00.04,5,2,95,7,
2396,2020-02-17,02.00.04,5,0,93,7,
2397,2020-02-17,04.00.04,4,4,91,4,
2398,2020-02-17,06.00.04,3,6,90,5,
2399,2020-02-17,08.00.04,3,0,89,2,
2400,2020-02-17,10.00.04,2,2,93,0,
2401,2020-02-17,12.00.04,2,4,90,4,
2402,2020-02-17,14.00.04,3,4,87,4,
2403,2020-02-17,16.00.04,3,3,89,6,
2404,2020-02-17,18.00.04,3,3,88,3,
2405,2020-02-17,20.00.04,2,7,92,0,
2406,2020-02-17,22.00.04,3,5,87,4,
2407,2020-02-18,00.00.04,3,1,90,5,
2408,2020-02-18,02.00.04,2,9,93,7,
2409,2020-02-18,04.00.04,3,3,91,6,
2410,2020-02-18,06.00.04,2,8,94,0,
2411,2020-02-18,08.00.04,2,2,91,8,
2412,2020-02-18,10.00.04,1,6,92,0,
2413,2020-02-18,12.00.04,4,0,86,8,
2414,2020-02-18,14.00.04,5,1,84,0,
2415,2020-02-18,16.00.04,4,4,84,4,
2416,2020-02-18,18.00.04,4,0,85,2,
2417,2020-02-18,20.00.04,3,7,85,7,
2418,2020-02-18,22.00.04,3,8,85,0,
2419,2020-02-19,00.00.04,3,3,87,2,
2420,2020-02-19,02.00.04,2,6,87,7,
2421,2020-02-19,04.00.04,1,4,89,9,
2422,2020-02-19,06.00.04,0,9,90,9,
2423,2020-02-19,08.00.04,0,2,93,4,
2424,2020-02-19,10.00.04,0,3,92,5,
2425,2020-02-19,12.00.04,0,6,91,2,
2426,2020-02-19,14.00.04,1,4,88,9,
2427,2020-02-19,16.00.04,2,0,87,6,
2428,2020-02-19,18.00.04,0,8,91,9,
2429,2020-02-19,20.00.04,0,2,91,3,
2430,2020-02-19,22.00.04,-1,3,87,4,
2431,2020-02-20,00.00.04,-2,2,88,3,
2432,2020-02-20,02.00.04,-3,5,90,6,
2433,2020-02-20,04.00.04,-3,6,90,0,
2434,2020-02-20,06.00.04,-3,9,89,1,
2435,2020-02-20,08.00.04,-4,0,88,2,
2436,2020-02-20,10.00.04,-4,0,87,1,
2437,2020-02-20,12.00.04,-3,5,86,5,
2438,2020-02-20,14.00.04,-3,3,86,3,
2439,2020-02-20,16.00.04,-2,8,85,9,
2440,2020-02-20,18.00.04,-4,0,89,4,
2441,2020-02-20,20.00.04,-3,7,89,5,
2442,2020-02-20,22.00.04,-3,2,90,7,
2443,2020-02-21,00.00.04,-1,6,91,1,
2444,2020-02-21,02.00.04,0,1,89,6,
2445,2020-02-21,04.00.04,0,7,89,2,
2446,2020-02-21,06.00.04,0,8,91,0,
2447,2020-02-21,08.00.04,0,8,91,8,
2448,2020-02-21,10.00.04,0,6,93,7,
2449,2020-02-21,12.00.04,1,1,92,5,
2450,2020-02-21,14.00.04,1,2,93,4,
2451,2020-02-21,16.00.04,1,7,93,3,
2452,2020-02-21,18.00.04,2,0,93,2,
2453,2020-02-21,20.00.04,1,7,93,8,
2454,2020-02-21,22.00.04,1,4,91,4,
2455,2020-02-22,00.00.04,0,6,91,8,
2456,2020-02-22,02.00.04,1,7,90,3,
2457,2020-02-22,04.00.04,2,4,91,3,
2458,2020-02-22,06.00.04,2,8,93,4,
2459,2020-02-22,08.00.04,3,3,92,7,
2460,2020-02-22,10.00.04,3,2,93,0,
2461,2020-02-22,12.00.04,2,8,93,9,
2462,2020-02-22,14.00.04,1,6,93,5,
2463,2020-02-22,16.00.04,0,6,94,9,
2464,2020-02-22,18.00.04,1,0,94,7,
2465,2020-02-22,20.00.04,0,9,95,7,
2466,2020-02-22,22.00.04,3,1,95,3,
2467,2020-02-23,00.00.04,1,0,94,0,
2468,2020-02-23,02.00.04,0,8,94,4,
2469,2020-02-23,04.00.04,0,5,92,7,
2470,2020-02-23,06.00.04,-0,1,92,8,
2471,2020-02-23,08.00.04,-0,2,91,1,
2472,2020-02-23,10.00.04,0,0,89,6,
2473,2020-02-23,12.00.04,1,0,87,1,
2474,2020-02-23,14.00.04,2,3,84,4,
2475,2020-02-23,16.00.04,2,2,82,6,
2476,2020-02-23,18.00.04,1,8,85,0,
2477,2020-02-23,20.00.04,1,1,87,0,
2478,2020-02-23,22.00.04,0,1,89,8,
2479,2020-02-24,00.00.04,0,3,90,3,
2480,2020-02-24,02.00.04,-0,2,89,7,
2481,2020-02-24,04.00.04,-1,1,88,1,
2482,2020-02-24,06.00.04,-1,6,82,8,
2483,2020-02-24,08.00.04,-1,8,80,0,
2484,2020-02-24,10.00.04,-1,0,77,0,
2485,2020-02-24,12.00.04,-0,4,73,4,
2486,2020-02-24,14.00.04,1,5,62,4,
2487,2020-02-24,16.00.04,1,7,51,3,
2488,2020-02-24,18.00.04,0,0,57,3,
2489,2020-02-24,20.00.04,-1,3,63,6,
2490,2020-02-24,22.00.04,-2,0,69,6,
2491,2020-02-25,00.00.04,-2,6,69,7,
2492,2020-02-25,02.00.04,-4,0,75,3,
2493,2020-02-25,04.00.04,-4,5,78,0,
2494,2020-02-25,06.00.04,-5,5,83,0,
2495,2020-02-25,08.00.04,-6,5,86,0,
2496,2020-02-25,10.00.04,-6,7,87,6,
2497,2020-02-25,12.00.04,-2,2,75,9,
2498,2020-02-25,14.00.04,0,1,60,5,
2499,2020-02-25,16.00.04,-0,2,56,2,
2500,2020-02-25,18.00.04,-2,6,69,1,
2501,2020-02-25,20.00.04,-5,1,80,5,
2502,2020-02-25,22.00.04,-8,3,86,1,
2503,2020-02-26,00.00.04,-10,6,88,8,
2504,2020-02-26,02.00.04,-11,7,88,8,
2505,2020-02-26,04.00.04,-12,4,89,6,
2506,2020-02-26,06.00.04,-11,5,91,0,
2507,2020-02-26,08.00.04,-11,0,90,8,
2508,2020-02-26,10.00.04,-9,4,92,0,
2509,2020-02-26,12.00.04,-3,3,85,6,
2510,2020-02-26,14.00.04,-0,4,72,2,
2511,2020-02-26,16.00.04,-0,8,66,7,
2512,2020-02-26,18.00.04,-2,5,71,4,
2513,2020-02-26,20.00.04,-6,2,81,3,
2514,2020-02-26,22.00.04,-8,2,82,2,
2515,2020-02-27,00.00.04,-10,6,87,8,
2516,2020-02-27,02.00.04,-11,8,89,2,
2517,2020-02-27,04.00.04,-12,8,89,8,
2518,2020-02-27,06.00.04,-14,1,90,7,
2519,2020-02-27,08.00.04,-13,8,90,5,
2520,2020-02-27,10.00.04,-13,8,90,4,
2521,2020-02-27,12.00.04,-4,8,74,1,
2522,2020-02-27,14.00.04,-1,6,53,1,
2523,2020-02-27,16.00.04,-0,8,41,7,
2524,2020-02-27,18.00.04,-3,2,48,2,
2525,2020-02-27,20.00.04,-7,6,69,6,
2526,2020-02-27,22.00.04,-10,0,82,1,
2527,2020-02-28,00.00.04,-11,5,85,6,
2528,2020-02-28,02.00.04,-12,6,88,3,
2529,2020-02-28,04.00.04,-12,8,89,9,
2530,2020-02-28,06.00.04,-14,1,89,2,
2531,2020-02-28,08.00.04,-14,6,90,0,
2532,2020-02-28,10.00.04,-13,5,90,7,
2533,2020-02-28,12.00.04,-6,3,84,1,
2534,2020-02-28,14.00.04,-2,2,66,3,
2535,2020-02-28,16.00.04,-1,8,61,6,
2536,2020-02-28,18.00.04,-4,0,67,2,
2537,2020-02-28,20.00.04,-6,8,74,4,
2538,2020-02-28,22.00.04,-9,2,84,5,
2539,2020-02-29,00.00.04,-11,9,87,6,
2540,2020-02-29,02.00.04,-12,5,90,2,
2541,2020-02-29,04.00.04,-13,2,89,6,
2542,2020-02-29,06.00.04,-12,4,91,2,
2543,2020-02-29,08.00.04,-13,9,88,5,
2544,2020-02-29,10.00.04,-12,3,91,0,
2545,2020-02-29,12.00.04,-3,4,83,1,
2546,2020-02-29,14.00.04,-0,4,67,9,
2547,2020-02-29,16.00.04,-0,8,66,2,
2548,2020-02-29,18.00.04,-1,5,79,0,
2549,2020-02-29,20.00.04,-2,3,83,3,
2550,2020-02-29,22.00.04,-2,3,86,0,
2551,2020-03-01,00.00.04,-2,3,87,6,
2552,2020-03-01,02.00.04,-3,1,89,6,
2553,2020-03-01,04.00.04,-6,2,90,7,
2554,2020-03-01,06.00.04,-8,0,89,7,
2555,2020-03-01,08.00.04,-5,4,92,6,
2556,2020-03-01,10.00.04,-3,8,92,0,
2557,2020-03-01,12.00.04,-1,9,91,9,
2558,2020-03-01,14.00.04,-0,5,92,2,
2559,2020-03-01,16.00.04,0,0,91,9,
2560,2020-03-01,18.00.04,-0,3,93,3,
2561,2020-03-01,20.00.04,-0,1,94,2,
2562,2020-03-01,22.00.04,0,2,94,1,
2563,2020-03-02,00.00.04,0,3,93,3,
2564,2020-03-02,02.00.04,-0,2,92,5,
2565,2020-03-02,04.00.04,-1,1,91,7,
2566,2020-03-02,06.00.04,-1,6,92,5,
2567,2020-03-02,08.00.04,-1,9,93,0,
2568,2020-03-02,10.00.04,-1,6,92,7,
2569,2020-03-02,12.00.04,-0,5,91,3,
2570,2020-03-02,14.00.04,0,8,91,3,
2571,2020-03-02,16.00.04,0,3,93,7,
2572,2020-03-02,18.00.04,0,2,94,7,
2573,2020-03-02,20.00.04,0,1,95,3,
2574,2020-03-02,22.00.04,0,1,95,7,
2575,2020-03-03,00.00.04,0,7,96,1,
2576,2020-03-03,02.00.04,0,2,96,1,
2577,2020-03-03,04.00.04,0,1,96,1,
2578,2020-03-03,06.00.04,0,1,96,2,
2579,2020-03-03,08.00.04,0,1,96,4,
2580,2020-03-03,10.00.04,-0,9,96,3,
2581,2020-03-03,12.00.04,-1,4,95,4,
2582,2020-03-03,14.00.04,-1,5,92,8,
2583,2020-03-03,16.00.04,-1,6,91,8,
2584,2020-03-03,18.00.04,-1,8,92,2,
2585,2020-03-03,20.00.04,-2,3,92,1,
2586,2020-03-03,22.00.04,-2,3,92,8,
2587,2020-03-04,00.00.04,-2,1,93,0,
2588,2020-03-04,02.00.04,-2,1,93,6,
2589,2020-03-04,04.00.04,-2,0,93,4,
2590,2020-03-04,06.00.04,-2,0,93,9,
2591,2020-03-04,08.00.04,-2,3,93,0,
2592,2020-03-04,10.00.04,-2,1,93,2,
2593,2020-03-04,12.00.04,-2,1,91,3,
2594,2020-03-04,14.00.04,-1,2,90,8,
2595,2020-03-04,16.00.04,-1,2,93,2,
2596,2020-03-04,18.00.04,-0,9,93,9,
2597,2020-03-04,20.00.04,-0,7,93,8,
2598,2020-03-04,22.00.04,-0,3,94,8,
2599,2020-03-05,00.00.04,0,1,95,3,
2600,2020-03-05,02.00.04,0,2,95,6,
2601,2020-03-05,04.00.04,0,3,95,7,
2602,2020-03-05,06.00.04,0,6,96,1,
2603,2020-03-05,08.00.04,0,6,96,0,
2604,2020-03-05,10.00.04,0,8,95,8,
2605,2020-03-05,12.00.04,0,6,92,6,
2606,2020-03-05,14.00.04,1,0,89,2,
2607,2020-03-05,16.00.04,1,0,89,4,
2608,2020-03-05,18.00.04,0,7,89,2,
2609,2020-03-05,20.00.04,0,0,93,2,
2610,2020-03-05,22.00.04,0,0,92,3,
2611,2020-03-06,00.00.04,0,0,93,9,
2612,2020-03-06,02.00.04,-0,5,93,3,
2613,2020-03-06,04.00.04,-1,0,93,2,
2614,2020-03-06,06.00.04,-1,4,92,2,
2615,2020-03-06,08.00.04,-1,8,90,8,
2616,2020-03-06,10.00.04,-2,3,87,7,
2617,2020-03-06,12.00.04,-1,2,86,0,
2618,2020-03-06,14.00.04,0,3,83,0,
2619,2020-03-06,16.00.04,2,2,76,9,
2620,2020-03-06,18.00.04,0,5,87,0,
2621,2020-03-06,20.00.04,-2,3,91,0,
2622,2020-03-06,22.00.04,-4,1,92,6,
2623,2020-03-07,00.00.04,-3,4,93,5,
2624,2020-03-07,02.00.04,-5,1,91,9,
2625,2020-03-07,04.00.04,-5,8,90,9,
2626,2020-03-07,06.00.04,-5,7,93,6,
2627,2020-03-07,08.00.04,-6,1,92,3,
2628,2020-03-07,10.00.04,-3,2,92,9,
2629,2020-03-07,12.00.04,1,6,83,9,
2630,2020-03-07,14.00.04,3,1,73,7,
2631,2020-03-07,16.00.04,3,4,71,4,
2632,2020-03-07,18.00.04,0,8,84,9,
2633,2020-03-07,20.00.04,-1,6,87,4,
2634,2020-03-07,22.00.04,-3,4,90,5,
2635,2020-03-08,00.00.04,-2,1,90,1,
2636,2020-03-08,02.00.04,-0,8,90,4,
2637,2020-03-08,04.00.04,-2,8,93,6,
2638,2020-03-08,06.00.04,-1,3,94,1,
2639,2020-03-08,08.00.04,-2,1,94,0,
2640,2020-03-08,10.00.04,-1,8,92,9,
2641,2020-03-08,12.00.04,2,5,83,8,
2642,2020-03-08,14.00.04,3,4,76,9,
2643,2020-03-08,16.00.04,3,3,76,7,
2644,2020-03-08,18.00.04,2,9,78,2,
2645,2020-03-08,20.00.04,2,1,83,1,
2646,2020-03-08,22.00.04,1,8,83,6,
2647,2020-03-09,00.00.04,1,8,82,2,
2648,2020-03-09,02.00.04,2,0,82,4,
2649,2020-03-09,04.00.04,2,3,83,7,
2650,2020-03-09,06.00.04,2,3,86,4,
2651,2020-03-09,08.00.04,2,6,87,9,
2652,2020-03-09,10.00.04,2,7,91,2,
2653,2020-03-09,12.00.04,3,3,89,8,
2654,2020-03-09,14.00.04,3,7,89,0,
2655,2020-03-09,16.00.04,4,2,87,8,
2656,2020-03-09,18.00.04,4,1,88,3,
2657,2020-03-09,20.00.04,3,9,89,2,
2658,2020-03-09,22.00.04,3,5,90,0,
2659,2020-03-10,00.00.04,3,1,91,9,
2660,2020-03-10,02.00.04,2,8,93,5,
2661,2020-03-10,04.00.04,2,5,92,6,
2662,2020-03-10,06.00.04,2,3,94,4,
2663,2020-03-10,08.00.04,2,0,95,1,
2664,2020-03-10,10.00.04,2,2,95,5,
2665,2020-03-10,12.00.04,2,6,95,4,
2666,2020-03-10,14.00.04,1,5,93,6,
2667,2020-03-10,16.00.04,1,2,94,4,
2668,2020-03-10,18.00.04,1,6,94,6,
2669,2020-03-10,20.00.04,1,5,95,2,
2670,2020-03-10,22.00.04,1,7,95,7,
2671,2020-03-11,00.00.04,2,0,95,8,
2672,2020-03-11,02.00.04,1,7,94,6,
2673,2020-03-11,04.00.04,1,6,94,9,
2674,2020-03-11,06.00.04,1,4,95,0,
2675,2020-03-11,08.00.04,1,4,95,2,
2676,2020-03-11,10.00.04,1,8,94,5,
2677,2020-03-11,12.00.04,2,1,94,2,
2678,2020-03-11,14.00.04,1,9,94,3,
2679,2020-03-11,16.00.04,1,8,94,5,
2680,2020-03-11,18.00.04,0,6,95,0,
2681,2020-03-11,20.00.04,0,1,95,7,
2682,2020-03-11,22.00.04,0,1,96,1,
2683,2020-03-12,00.00.04,0,0,96,3,
2684,2020-03-12,02.00.04,0,1,96,4,
2685,2020-03-12,04.00.04,0,1,96,6,
2686,2020-03-12,06.00.04,0,1,96,6,
2687,2020-03-12,08.00.04,0,1,96,7,
2688,2020-03-12,10.00.04,0,2,96,8,
2689,2020-03-12,12.00.04,0,6,96,8,
2690,2020-03-12,14.00.04,1,3,96,2,
2691,2020-03-12,16.00.04,1,9,95,3,
2692,2020-03-12,18.00.04,2,3,93,1,
2693,2020-03-12,20.00.04,-0,4,95,3,
2694,2020-03-12,22.00.04,-0,8,95,9,
2695,2020-03-13,00.00.04,-1,1,96,1,
2696,2020-03-13,02.00.04,-0,6,96,2,
2697,2020-03-13,04.00.04,-0,4,95,7,
2698,2020-03-13,06.00.04,-0,1,95,7,
2699,2020-03-13,08.00.04,0,0,95,5,
2700,2020-03-13,10.00.04,-0,5,93,3,
2701,2020-03-13,12.00.04,-1,7,88,0,
2702,2020-03-13,14.00.04,-0,4,80,9,
2703,2020-03-13,16.00.04,0,4,69,2,
2704,2020-03-13,18.00.04,-1,6,71,7,
2705,2020-03-13,20.00.04,-4,0,85,7,
2706,2020-03-13,22.00.04,-5,2,82,9,
2707,2020-03-14,00.00.04,-6,6,87,5,
2708,2020-03-14,02.00.04,-7,7,88,8,
2709,2020-03-14,04.00.04,-6,6,87,5,
2710,2020-03-14,06.00.04,-7,8,89,1,
2711,2020-03-14,08.00.04,-8,6,87,4,
2712,2020-03-14,10.00.04,-5,7,79,8,
2713,2020-03-14,12.00.04,-2,2,64,4,
2714,2020-03-14,14.00.04,-1,6,58,4,
2715,2020-03-14,16.00.04,-1,3,61,8,
2716,2020-03-14,18.00.04,-2,2,53,8,
2717,2020-03-14,20.00.04,-4,4,63,1,
2718,2020-03-14,22.00.04,-7,3,78,2,
2719,2020-03-15,00.00.04,-7,9,81,8,
2720,2020-03-15,02.00.04,-9,7,88,2,
2721,2020-03-15,04.00.04,-7,6,87,6,
2722,2020-03-15,06.00.04,-6,9,85,6,
2723,2020-03-15,08.00.04,-5,9,85,4,
2724,2020-03-15,10.00.04,-2,3,81,5,
2725,2020-03-15,12.00.04,2,1,70,3,
2726,2020-03-15,14.00.04,4,0,62,2,
2727,2020-03-15,16.00.04,4,2,65,7,
2728,2020-03-15,18.00.04,3,0,72,7,
2729,2020-03-15,20.00.04,2,2,80,5,
2730,2020-03-15,22.00.04,1,8,86,0,
2731,2020-03-16,00.00.04,1,3,91,0,
2732,2020-03-16,02.00.04,0,8,93,5,
2733,2020-03-16,04.00.04,1,9,94,3,
2734,2020-03-16,06.00.04,2,9,94,7,
2735,2020-03-16,08.00.04,2,9,94,7,
2736,2020-03-16,10.00.04,1,2,91,3,
2737,2020-03-16,12.00.04,2,7,81,8,
2738,2020-03-16,14.00.04,3,0,70,9,
2739,2020-03-16,16.00.04,3,4,65,0,
2740,2020-03-16,18.00.04,0,9,75,6,
2741,2020-03-16,20.00.04,-2,1,76,5,
2742,2020-03-16,22.00.04,-3,1,80,9,
2743,2020-03-17,00.00.04,-3,9,82,5,
2744,2020-03-17,02.00.04,-4,8,85,6,
2745,2020-03-17,04.00.04,-5,9,87,9,
2746,2020-03-17,06.00.04,-6,2,88,1,
2747,2020-03-17,08.00.04,-3,1,75,7,
2748,2020-03-17,10.00.04,-1,4,72,9,
2749,2020-03-17,12.00.04,0,8,69,5,
2750,2020-03-17,14.00.04,1,7,77,0,
2751,2020-03-17,16.00.04,1,7,87,9,
2752,2020-03-17,18.00.04,1,8,91,1,
2753,2020-03-17,20.00.04,2,0,91,5,
2754,2020-03-17,22.00.04,2,6,91,4,
2755,2020-03-18,00.00.04,2,5,91,0,
2756,2020-03-18,02.00.04,2,0,91,7,
2757,2020-03-18,04.00.04,2,3,91,7,
2758,2020-03-18,06.00.04,2,5,91,0,
2759,2020-03-18,08.00.04,2,5,90,7,
2760,2020-03-18,10.00.04,2,7,88,5,
2761,2020-03-18,12.00.04,3,9,85,4,
2762,2020-03-18,14.00.04,4,8,82,6,
2763,2020-03-18,16.00.04,6,0,78,2,
2764,2020-03-18,18.00.04,5,1,78,8,
2765,2020-03-18,20.00.04,2,1,87,4,
2766,2020-03-18,22.00.04,1,4,91,1,
2767,2020-03-19,00.00.04,0,3,93,2,
2768,2020-03-19,02.00.04,0,1,94,1,
2769,2020-03-19,04.00.04,-0,3,94,1,
2770,2020-03-19,06.00.04,-0,3,94,1,
2771,2020-03-19,08.00.04,-0,2,94,1,
2772,2020-03-19,10.00.04,0,4,92,0,
2773,2020-03-19,12.00.04,4,3,85,2,
2774,2020-03-19,14.00.04,6,6,74,2,
2775,2020-03-19,16.00.04,5,1,73,5,
2776,2020-03-19,18.00.04,5,1,72,5,
2777,2020-03-19,20.00.04,2,6,81,7,
2778,2020-03-19,22.00.04,1,3,82,7,
2779,2020-03-20,00.00.04,-0,3,86,0,
2780,2020-03-20,02.00.04,-1,8,87,4,
2781,2020-03-20,04.00.04,-1,6,84,5,
2782,2020-03-20,06.00.04,-2,9,79,2,
2783,2020-03-20,08.00.04,-4,9,74,7,
2784,2020-03-20,10.00.04,-3,0,66,6,
2785,2020-03-20,12.00.04,-0,6,42,9,
2786,2020-03-20,14.00.04,-0,7,41,5,
2787,2020-03-20,16.00.04,0,4,37,4,
2788,2020-03-20,18.00.04,-1,8,45,8,
2789,2020-03-20,20.00.04,-3,9,54,2,
2790,2020-03-20,22.00.04,-5,7,68,3,
2791,2020-03-21,00.00.04,-6,5,73,9,
2792,2020-03-21,02.00.04,-6,7,78,9,
2793,2020-03-21,04.00.04,-6,5,84,5,
2794,2020-03-21,06.00.04,-4,8,84,7,
2795,2020-03-21,08.00.04,-4,6,89,3,
2796,2020-03-21,10.00.04,-3,5,87,8,
2797,2020-03-21,12.00.04,-1,3,82,6,
2798,2020-03-21,14.00.04,1,3,61,8,
2799,2020-03-21,16.00.04,0,2,58,8,
2800,2020-03-21,18.00.04,0,4,64,3,
2801,2020-03-21,20.00.04,-2,5,64,9,
2802,2020-03-21,22.00.04,-5,2,78,8,
2803,2020-03-22,00.00.04,-7,1,83,7,
2804,2020-03-22,02.00.04,-9,1,86,0,
2805,2020-03-22,04.00.04,-10,7,88,0,
2806,2020-03-22,06.00.04,-11,7,88,8,
2807,2020-03-22,08.00.04,-11,4,89,6,
2808,2020-03-22,10.00.04,-2,3,57,0,
2809,2020-03-22,12.00.04,2,3,48,5,
2810,2020-03-22,14.00.04,2,5,46,7,
2811,2020-03-22,16.00.04,2,8,49,5,
2812,2020-03-22,18.00.04,1,3,51,4,
2813,2020-03-22,20.00.04,-0,7,62,6,
2814,2020-03-22,22.00.04,-2,6,70,1,
2815,2020-03-23,00.00.04,-2,9,72,2,
2816,2020-03-23,02.00.04,-3,4,77,6,
2817,2020-03-23,04.00.04,-3,4,82,0,
2818,2020-03-23,06.00.04,-3,4,84,6,
2819,2020-03-23,08.00.04,-3,7,87,0,
2820,2020-03-23,10.00.04,-0,1,81,9,
2821,2020-03-23,12.00.04,2,7,66,2,
2822,2020-03-23,14.00.04,3,3,60,2,
2823,2020-03-23,16.00.04,3,8,60,1,
2824,2020-03-23,18.00.04,2,4,67,7,
2825,2020-03-23,20.00.04,1,8,70,0,
2826,2020-03-23,22.00.04,0,5,76,3,
2827,2020-03-24,00.00.04,0,0,79,6,
2828,2020-03-24,02.00.04,-0,8,82,9,
2829,2020-03-24,04.00.04,-0,5,83,6,
2830,2020-03-24,06.00.04,-0,7,85,2,
2831,2020-03-24,08.00.04,-0,6,84,2,
2832,2020-03-24,10.00.04,1,8,75,2,
2833,2020-03-24,12.00.04,4,3,64,8,
2834,2020-03-24,14.00.04,7,0,49,1,
2835,2020-03-24,16.00.04,8,2,39,7,
2836,2020-03-24,18.00.04,6,5,42,0,
2837,2020-03-24,20.00.04,4,0,50,0,
2838,2020-03-24,22.00.04,2,6,64,2,
2839,2020-03-25,00.00.04,2,0,68,1,
2840,2020-03-25,02.00.04,1,6,68,9,
2841,2020-03-25,04.00.04,1,9,64,1,
2842,2020-03-25,06.00.04,2,8,55,4,
2843,2020-03-25,08.00.04,3,4,51,6,
2844,2020-03-25,10.00.04,4,4,48,6,
2845,2020-03-25,12.00.04,7,6,43,9,
2846,2020-03-25,14.00.04,9,3,46,5,
2847,2020-03-25,16.00.04,9,9,43,8,
2848,2020-03-25,18.00.04,8,0,46,5,
2849,2020-03-25,20.00.04,6,4,50,1,
2850,2020-03-25,22.00.04,5,2,54,3,
2851,2020-03-26,00.00.04,3,3,66,4,
2852,2020-03-26,02.00.04,1,6,76,8,
2853,2020-03-26,04.00.04,3,0,75,7,
2854,2020-03-26,06.00.04,2,4,81,3,
2855,2020-03-26,08.00.04,2,2,83,2,
2856,2020-03-26,10.00.04,3,7,80,5,
2857,2020-03-26,12.00.04,4,5,78,8,
2858,2020-03-26,14.00.04,5,5,75,1,
2859,2020-03-26,16.00.04,7,0,63,6,
2860,2020-03-26,18.00.04,6,0,72,3,
2861,2020-03-26,20.00.04,4,7,74,3,
2862,2020-03-26,22.00.04,3,3,79,9,
2863,2020-03-27,00.00.04,2,2,83,4,
2864,2020-03-27,02.00.04,1,7,86,0,
2865,2020-03-27,04.00.04,-0,7,87,7,
2866,2020-03-27,06.00.04,-0,9,88,1,
2867,2020-03-27,08.00.04,-0,6,88,7,
2868,2020-03-27,10.00.04,2,8,82,6,
2869,2020-03-27,12.00.04,8,6,58,9,
2870,2020-03-27,14.00.04,9,9,50,1,
2871,2020-03-27,16.00.04,9,2,50,9,
2872,2020-03-27,18.00.04,8,9,50,5,
2873,2020-03-27,20.00.04,5,6,60,9,
2874,2020-03-27,22.00.04,3,6,63,5,
2875,2020-03-28,00.00.04,2,7,62,1,
2876,2020-03-28,02.00.04,0,9,69,2,
2877,2020-03-28,04.00.04,0,9,72,7,
2878,2020-03-28,06.00.04,0,9,75,8,
2879,2020-03-28,08.00.04,-0,2,81,9,
2880,2020-03-28,10.00.04,2,7,78,5,
2881,2020-03-28,12.00.04,7,4,54,1,
2882,2020-03-28,14.00.04,5,7,54,6,
2883,2020-03-28,16.00.04,5,7,51,3,
2884,2020-03-28,18.00.04,4,5,38,0,
2885,2020-03-28,20.00.04,1,1,46,2,
2886,2020-03-28,22.00.04,-1,0,51,7,
2887,2020-03-29,00.00.04,-2,9,60,0,
2888,2020-03-29,02.00.04,-3,6,59,0,
2889,2020-03-29,04.00.04,-4,6,64,8,
2890,2020-03-29,06.00.04,-5,4,68,7,
2891,2020-03-29,08.00.04,-5,5,70,8,
2892,2020-03-29,10.00.04,-1,4,58,0,
2893,2020-03-29,12.00.04,1,8,43,3,
2894,2020-03-29,14.00.04,1,3,38,2,
2895,2020-03-29,16.00.04,0,8,33,0,
2896,2020-03-29,18.00.04,0,5,34,7,
2897,2020-03-29,20.00.04,-2,6,43,7,
2898,2020-03-29,22.00.04,-4,5,56,8,
2899,2020-03-30,00.00.04,-6,6,71,6,
2900,2020-03-30,02.00.04,-8,2,76,3,
2901,2020-03-30,04.00.04,-9,1,83,9,
2902,2020-03-30,06.00.04,-9,2,85,8,
2903,2020-03-30,08.00.04,-7,1,86,5,
2904,2020-03-30,10.00.04,-2,6,76,4,
2905,2020-03-30,12.00.04,-2,0,68,1,
2906,2020-03-30,14.00.04,1,1,49,6,
2907,2020-03-30,16.00.04,-0,2,52,4,
2908,2020-03-30,18.00.04,-0,6,40,8,
2909,2020-03-30,20.00.04,-2,7,50,0,
2910,2020-03-30,22.00.04,-5,0,60,6,
2911,2020-03-31,00.00.04,-6,7,60,5,
2912,2020-03-31,02.00.04,-8,9,76,4,
2913,2020-03-31,04.00.04,-10,1,85,5,
2914,2020-03-31,06.00.04,-10,1,85,6,
2915,2020-03-31,08.00.04,-7,1,78,3,
2916,2020-03-31,10.00.04,-2,1,59,5,
2917,2020-03-31,12.00.04,-1,0,51,7,
2918,2020-03-31,14.00.04,-2,0,72,3,
2919,2020-03-31,16.00.04,-2,2,84,9,
2920,2020-03-31,18.00.04,-1,7,87,5,
2921,2020-03-31,20.00.04,-0,8,89,2,
2922,2020-03-31,22.00.04,0,5,87,7,
2923,2020-04-01,00.00.04,-0,5,89,4,
2924,2020-04-01,02.00.04,-1,3,90,0,
2925,2020-04-01,04.00.04,-3,0,87,8,
2926,2020-04-01,06.00.04,-1,5,85,9,
2927,2020-04-01,08.00.04,-0,8,85,9,
2928,2020-04-01,10.00.04,1,4,80,9,
2929,2020-04-01,12.00.04,1,8,73,8,
2930,2020-04-01,14.00.04,3,0,62,7,
2931,2020-04-01,16.00.04,3,3,58,7,
2932,2020-04-01,18.00.04,1,6,59,0,
2933,2020-04-01,20.00.04,-0,4,69,9,
2934,2020-04-01,22.00.04,-2,6,79,1,
2935,2020-04-02,00.00.04,-3,3,82,9,
2936,2020-04-02,02.00.04,-1,9,81,3,
2937,2020-04-02,04.00.04,-1,7,81,8,
2938,2020-04-02,06.00.04,-1,9,86,4,
2939,2020-04-02,08.00.04,-1,7,87,9,
2940,2020-04-02,10.00.04,-0,7,87,3,
2941,2020-04-02,12.00.04,0,5,90,4,
2942,2020-04-02,14.00.04,2,8,85,5,
2943,2020-04-02,16.00.04,5,0,76,2,
2944,2020-04-02,18.00.04,3,8,79,6,
2945,2020-04-02,20.00.04,1,1,88,9,
2946,2020-04-02,22.00.04,1,2,90,0,
2947,2020-04-03,00.00.04,0,7,92,4,
2948,2020-04-03,02.00.04,0,2,91,9,
2949,2020-04-03,04.00.04,-0,1,90,5,
2950,2020-04-03,06.00.04,-1,2,89,1,
2951,2020-04-03,08.00.04,-1,0,87,9,
2952,2020-04-03,10.00.04,0,1,84,9,
2953,2020-04-03,12.00.04,1,9,80,2,
2954,2020-04-03,14.00.04,1,6,84,1,
2955,2020-04-03,16.00.04,-0,1,83,8,
2956,2020-04-03,18.00.04,-1,1,82,2,
2957,2020-04-03,20.00.04,-1,8,79,9,
2958,2020-04-03,22.00.04,-2,4,86,2,
2959,2020-04-04,00.00.04,-3,2,87,6,
2960,2020-04-04,02.00.04,-3,1,88,5,
2961,2020-04-04,04.00.04,-3,2,86,4,
2962,2020-04-04,06.00.04,-3,4,86,1,
2963,2020-04-04,08.00.04,-2,7,84,5,
2964,2020-04-04,10.00.04,-0,3,76,9,
2965,2020-04-04,12.00.04,3,2,58,6,
2966,2020-04-04,14.00.04,2,6,49,2,
2967,2020-04-04,16.00.04,3,0,49,8,
2968,2020-04-04,18.00.04,2,5,46,8,
2969,2020-04-04,20.00.04,0,3,58,4,
2970,2020-04-04,22.00.04,-1,9,70,2,
2971,2020-04-05,00.00.04,-1,6,72,5,
2972,2020-04-05,02.00.04,-2,6,73,8,
2973,2020-04-05,04.00.04,-3,5,78,4,
2974,2020-04-05,06.00.04,-3,9,78,3,
2975,2020-04-05,08.00.04,-3,1,75,0,
2976,2020-04-05,10.00.04,0,4,58,3,
2977,2020-04-05,12.00.04,3,9,39,6,
2978,2020-04-05,14.00.04,3,1,37,2,
2979,2020-04-05,16.00.04,5,0,37,0,
2980,2020-04-05,18.00.04,3,4,34,2,
2981,2020-04-05,20.00.04,0,2,57,3,
2982,2020-04-05,22.00.04,-1,0,66,6,
2983,2020-04-06,00.00.04,-1,5,68,5,
2984,2020-04-06,02.00.04,-0,9,61,6,
2985,2020-04-06,04.00.04,-0,4,58,9,
2986,2020-04-06,06.00.04,-0,2,61,4,
2987,2020-04-06,08.00.04,-0,4,74,8,
2988,2020-04-06,10.00.04,0,2,84,1,
2989,2020-04-06,12.00.04,2,3,83,3,
2990,2020-04-06,14.00.04,7,4,74,1,
2991,2020-04-06,16.00.04,9,9,66,4,
2992,2020-04-06,18.00.04,9,2,69,6,
2993,2020-04-06,20.00.04,5,2,79,8,
2994,2020-04-06,22.00.04,2,9,86,3,
2995,2020-04-07,00.00.04,3,6,74,0,
2996,2020-04-07,02.00.04,2,6,75,4,
2997,2020-04-07,04.00.04,2,2,71,4,
2998,2020-04-07,06.00.04,1,8,74,3,
2999,2020-04-07,08.00.04,2,3,74,9,
3000,2020-04-07,10.00.04,7,4,62,1,
3001,2020-04-07,12.00.04,13,6,46,5,
3002,2020-04-07,14.00.04,14,1,48,0,
3003,2020-04-07,16.00.04,13,8,48,8,
3004,2020-04-07,18.00.04,8,4,79,5,
3005,2020-04-07,20.00.04,4,8,88,8,
3006,2020-04-07,22.00.04,3,9,91,1,
3007,2020-04-08,00.00.04,2,1,91,9,
3008,2020-04-08,02.00.04,0,3,92,0,
3009,2020-04-08,04.00.04,-0,6,92,2,
3010,2020-04-08,06.00.04,-1,8,92,3,
3011,2020-04-08,08.00.04,-0,3,92,8,
3012,2020-04-08,10.00.04,4,2,81,7,
3013,2020-04-08,12.00.04,9,8,50,8,
3014,2020-04-08,14.00.04,11,5,51,6,
3015,2020-04-08,16.00.04,12,3,47,1,
3016,2020-04-08,18.00.04,9,7,54,9,
3017,2020-04-08,20.00.04,7,8,63,0,
3018,2020-04-08,22.00.04,6,2,71,9,
3019,2020-04-09,00.00.04,6,0,72,7,
3020,2020-04-09,02.00.04,5,9,70,4,
3021,2020-04-09,04.00.04,4,0,77,4,
3022,2020-04-09,06.00.04,2,5,81,7,
3023,2020-04-09,08.00.04,2,0,82,2,
3024,2020-04-09,10.00.04,4,5,68,3,
3025,2020-04-09,12.00.04,5,6,57,5,
3026,2020-04-09,14.00.04,7,7,49,8,
3027,2020-04-09,16.00.04,7,0,53,4,
3028,2020-04-09,18.00.04,6,3,51,5,
3029,2020-04-09,20.00.04,3,6,61,8,
3030,2020-04-09,22.00.04,-0,4,76,4,
3031,2020-04-10,00.00.04,-0,4,79,6,
3032,2020-04-10,02.00.04,-0,5,80,8,
3033,2020-04-10,04.00.04,-1,7,84,1,
3034,2020-04-10,06.00.04,-1,9,84,6,
3035,2020-04-10,08.00.04,-1,2,73,3,
3036,2020-04-10,10.00.04,2,0,61,5,
3037,2020-04-10,12.00.04,5,7,45,9,
3038,2020-04-10,14.00.04,4,9,45,1,
3039,2020-04-10,16.00.04,4,5,53,1,
3040,2020-04-10,18.00.04,0,0,84,9,
3041,2020-04-10,20.00.04,-0,3,84,6,
3042,2020-04-10,22.00.04,-2,3,86,0,
3043,2020-04-11,00.00.04,-2,6,82,1,
3044,2020-04-11,02.00.04,-1,7,75,5,
3045,2020-04-11,04.00.04,-3,1,83,2,
3046,2020-04-11,06.00.04,-2,7,84,1,
3047,2020-04-11,08.00.04,-1,7,83,0,
3048,2020-04-11,10.00.04,2,1,69,3,
3049,2020-04-11,12.00.04,4,6,48,2,
3050,2020-04-11,14.00.04,5,3,42,8,
3051,2020-04-11,16.00.04,4,4,46,3,
3052,2020-04-11,18.00.04,5,1,39,1,
3053,2020-04-11,20.00.04,1,1,55,0,
3054,2020-04-11,22.00.04,-2,1,76,4,
3055,2020-04-12,00.00.04,-2,6,76,3,
3056,2020-04-12,02.00.04,-3,0,79,6,
3057,2020-04-12,04.00.04,-1,7,74,0,
3058,2020-04-12,06.00.04,-1,2,77,8,
3059,2020-04-12,08.00.04,-0,8,88,2,
3060,2020-04-12,10.00.04,0,4,90,6,
3061,2020-04-12,12.00.04,1,1,91,0,
3062,2020-04-12,14.00.04,1,6,91,9,
3063,2020-04-12,16.00.04,2,5,92,6,
3064,2020-04-12,18.00.04,3,9,93,2,
3065,2020-04-12,20.00.04,4,6,93,4,
3066,2020-04-12,22.00.04,4,8,93,4,
3067,2020-04-13,00.00.04,4,7,93,4,
3068,2020-04-13,02.00.04,4,1,93,1,
3069,2020-04-13,04.00.04,1,4,93,2,
3070,2020-04-13,06.00.04,-0,1,93,0,
3071,2020-04-13,08.00.04,-0,8,89,2,
3072,2020-04-13,10.00.04,1,3,81,9,
3073,2020-04-13,12.00.04,1,8,71,3,
3074,2020-04-13,14.00.04,2,9,76,1,
3075,2020-04-13,16.00.04,3,2,72,1,
3076,2020-04-13,18.00.04,0,1,86,9,
3077,2020-04-13,20.00.04,-0,3,89,2,
3078,2020-04-13,22.00.04,-1,0,90,2,
3079,2020-04-14,00.00.04,-0,9,90,8,
3080,2020-04-14,02.00.04,-1,2,91,2,
3081,2020-04-14,04.00.04,-0,9,91,9,
3082,2020-04-14,06.00.04,-1,3,91,4,
3083,2020-04-14,08.00.04,-1,2,89,9,
3084,2020-04-14,10.00.04,-0,4,89,2,
3085,2020-04-14,12.00.04,0,5,88,8,
3086,2020-04-14,14.00.04,2,0,85,8,
3087,2020-04-14,16.00.04,2,2,82,5,
3088,2020-04-14,18.00.04,2,0,81,0,
3089,2020-04-14,20.00.04,0,3,85,0,
3090,2020-04-14,22.00.04,-0,3,85,4,
3091,2020-04-15,00.00.04,-0,7,84,7,
3092,2020-04-15,02.00.04,-1,0,86,9,
3093,2020-04-15,04.00.04,-1,2,87,3,
3094,2020-04-15,06.00.04,-1,1,88,1,
3095,2020-04-15,08.00.04,-0,8,90,4,
3096,2020-04-15,10.00.04,0,4,88,6,
3097,2020-04-15,12.00.04,0,7,88,5,
3098,2020-04-15,14.00.04,2,6,90,5,
3099,2020-04-15,16.00.04,3,9,87,5,
3100,2020-04-15,18.00.04,3,7,86,0,
3101,2020-04-15,20.00.04,1,6,91,5,
3102,2020-04-15,22.00.04,-0,1,92,3,
3103,2020-04-16,00.00.04,-0,2,93,0,
3104,2020-04-16,02.00.04,0,8,93,3,
3105,2020-04-16,04.00.04,0,4,90,4,
3106,2020-04-16,06.00.04,0,1,93,7,
3107,2020-04-16,08.00.04,0,2,94,6,
3108,2020-04-16,10.00.04,0,5,94,8,
3109,2020-04-16,12.00.04,2,5,95,0,
3110,2020-04-16,14.00.04,6,2,87,4,
3111,2020-04-16,16.00.04,3,1,92,5,
3112,2020-04-16,18.00.04,3,6,84,7,
3113,2020-04-16,20.00.04,1,3,87,4,
3114,2020-04-16,22.00.04,-0,8,91,2,
3115,2020-04-17,00.00.04,-1,1,88,0,
3116,2020-04-17,02.00.04,-1,4,88,1,
3117,2020-04-17,04.00.04,-1,0,85,9,
3118,2020-04-17,06.00.04,-0,7,81,6,
3119,2020-04-17,08.00.04,0,4,78,1,
3120,2020-04-17,10.00.04,3,3,64,0,
3121,2020-04-17,12.00.04,4,6,57,9,
3122,2020-04-17,14.00.04,4,1,62,3,
3123,2020-04-17,16.00.04,3,5,67,3,
3124,2020-04-17,18.00.04,3,9,60,5,
3125,2020-04-17,20.00.04,3,8,59,3,
3126,2020-04-17,22.00.04,1,4,70,7,
3127,2020-04-18,00.00.04,0,7,74,6,
3128,2020-04-18,02.00.04,1,7,69,6,
3129,2020-04-18,04.00.04,0,3,75,3,
3130,2020-04-18,06.00.04,1,1,74,3,
3131,2020-04-18,08.00.04,1,5,72,5,
3132,2020-04-18,10.00.04,3,8,66,3,
3133,2020-04-18,12.00.04,7,4,52,0,
3134,2020-04-18,14.00.04,7,3,47,6,
3135,2020-04-18,16.00.04,6,5,49,6,
3136,2020-04-18,18.00.04,5,0,53,0,
3137,2020-04-18,20.00.04,3,3,57,8,
3138,2020-04-18,22.00.04,2,0,70,4,
3139,2020-04-19,00.00.04,1,4,74,0,
3140,2020-04-19,02.00.04,0,5,78,5,
3141,2020-04-19,04.00.04,-0,9,81,6,
3142,2020-04-19,06.00.04,-2,1,84,6,
3143,2020-04-19,08.00.04,1,0,80,9,
3144,2020-04-19,10.00.04,4,5,65,4,
3145,2020-04-19,12.00.04,7,6,51,5,
3146,2020-04-19,14.00.04,8,5,53,7,
3147,2020-04-19,16.00.04,9,9,50,4,
3148,2020-04-19,18.00.04,8,3,55,5,
3149,2020-04-19,20.00.04,6,9,66,8,
3150,2020-04-19,22.00.04,5,2,73,7,
3151,2020-04-20,00.00.04,4,3,76,7,
3152,2020-04-20,02.00.04,3,4,79,8,
3153,2020-04-20,04.00.04,1,2,83,6,
3154,2020-04-20,06.00.04,1,5,85,3,
3155,2020-04-20,08.00.04,3,9,81,3,
3156,2020-04-20,10.00.04,7,7,69,3,
3157,2020-04-20,12.00.04,9,3,64,6,
3158,2020-04-20,14.00.04,12,6,54,0,
3159,2020-04-20,16.00.04,12,6,53,0,
3160,2020-04-20,18.00.04,9,9,61,0,
3161,2020-04-20,20.00.04,8,2,70,1,
3162,2020-04-20,22.00.04,4,7,76,7,
3163,2020-04-21,00.00.04,2,0,82,1,
3164,2020-04-21,02.00.04,-0,1,86,3,
3165,2020-04-21,04.00.04,-1,6,87,2,
3166,2020-04-21,06.00.04,-1,2,89,6,
3167,2020-04-21,08.00.04,0,7,87,5,
3168,2020-04-21,10.00.04,7,6,56,2,
3169,2020-04-21,12.00.04,13,4,32,5,
3170,2020-04-21,14.00.04,14,2,29,6,
3171,2020-04-21,16.00.04,15,2,28,1,
3172,2020-04-21,18.00.04,14,1,43,5,
3173,2020-04-21,20.00.04,11,2,59,5,
3174,2020-04-21,22.00.04,7,4,70,3,
3175,2020-04-22,00.00.04,3,6,80,0,
3176,2020-04-22,02.00.04,2,0,83,9,
3177,2020-04-22,04.00.04,0,0,86,7,
3178,2020-04-22,06.00.04,-1,4,88,4,
3179,2020-04-22,08.00.04,0,4,88,2,
3180,2020-04-22,10.00.04,7,1,66,0,
3181,2020-04-22,12.00.04,10,6,43,3,
3182,2020-04-22,14.00.04,12,1,36,0,
3183,2020-04-22,16.00.04,11,9,32,8,
3184,2020-04-22,18.00.04,12,1,30,0,
3185,2020-04-22,20.00.04,7,8,52,5,
3186,2020-04-22,22.00.04,2,7,62,3,
3187,2020-04-23,00.00.04,-0,4,76,2,
3188,2020-04-23,02.00.04,-0,2,79,2,
3189,2020-04-23,04.00.04,-0,7,81,5,
3190,2020-04-23,06.00.04,-1,4,84,8,
3191,2020-04-23,08.00.04,0,5,83,0,
3192,2020-04-23,10.00.04,6,7,59,4,
3193,2020-04-23,12.00.04,10,0,38,3,
3194,2020-04-23,14.00.04,10,6,36,2,
3195,2020-04-23,16.00.04,10,7,41,3,
3196,2020-04-23,18.00.04,9,2,46,9,
3197,2020-04-23,20.00.04,7,0,58,7,
3198,2020-04-23,22.00.04,3,3,71,3,
3199,2020-04-24,00.00.04,4,0,68,4,
3200,2020-04-24,02.00.04,3,3,74,4,
3201,2020-04-24,04.00.04,2,9,80,7,
3202,2020-04-24,06.00.04,2,8,81,5,
3203,2020-04-24,08.00.04,4,0,77,8,
3204,2020-04-24,10.00.04,7,1,64,9,
3205,2020-04-24,12.00.04,9,1,58,9,
3206,2020-04-24,14.00.04,7,6,62,5,
3207,2020-04-24,16.00.04,7,6,48,1,
3208,2020-04-24,18.00.04,7,1,40,4,
3209,2020-04-24,20.00.04,3,3,39,1,
3210,2020-04-24,22.00.04,-0,6,53,5,
3211,2020-04-25,00.00.04,-2,8,63,8,
3212,2020-04-25,02.00.04,-3,2,68,7,
3213,2020-04-25,04.00.04,-3,7,76,2,
3214,2020-04-25,06.00.04,-4,6,79,5,
3215,2020-04-25,08.00.04,-1,7,72,1,
3216,2020-04-25,10.00.04,2,9,63,4,
3217,2020-04-25,12.00.04,5,5,49,4,
3218,2020-04-25,14.00.04,6,4,43,0,
3219,2020-04-25,16.00.04,7,3,43,7,
3220,2020-04-25,18.00.04,6,3,46,1,
3221,2020-04-25,20.00.04,3,6,46,4,
3222,2020-04-25,22.00.04,-0,4,62,4,
3223,2020-04-26,00.00.04,-1,5,69,6,
3224,2020-04-26,02.00.04,-0,5,65,0,
3225,2020-04-26,04.00.04,-1,8,72,9,
3226,2020-04-26,06.00.04,-1,3,76,2,
3227,2020-04-26,08.00.04,1,9,68,7,
3228,2020-04-26,10.00.04,5,1,55,9,
3229,2020-04-26,12.00.04,7,6,48,7,
3230,2020-04-26,14.00.04,4,9,53,9,
3231,2020-04-26,16.00.04,5,9,51,6,
3232,2020-04-26,18.00.04,5,1,53,5,
3233,2020-04-26,20.00.04,3,8,61,8,
3234,2020-04-26,22.00.04,0,5,73,7,
3235,2020-04-27,00.00.04,-0,7,74,5,
3236,2020-04-27,02.00.04,-1,9,78,3,
3237,2020-04-27,04.00.04,-2,6,83,7,
3238,2020-04-27,06.00.04,-2,8,85,6,
3239,2020-04-27,08.00.04,-0,4,83,6,
3240,2020-04-27,10.00.04,4,1,59,5,
3241,2020-04-27,12.00.04,7,4,40,2,
3242,2020-04-27,14.00.04,6,5,44,7,
3243,2020-04-27,16.00.04,6,8,41,3,
3244,2020-04-27,18.00.04,5,7,46,5,
3245,2020-04-27,20.00.04,4,7,49,5,
3246,2020-04-27,22.00.04,2,2,64,5,
3247,2020-04-28,00.00.04,0,3,71,4,
3248,2020-04-28,02.00.04,-0,5,76,3,
3249,2020-04-28,04.00.04,-0,7,77,0,
3250,2020-04-28,06.00.04,-1,1,80,1,
3251,2020-04-28,08.00.04,1,0,74,4,
3252,2020-04-28,10.00.04,4,7,51,6,
3253,2020-04-28,12.00.04,4,9,54,9,
3254,2020-04-28,14.00.04,4,8,56,3,
3255,2020-04-28,16.00.04,5,0,59,6,
3256,2020-04-28,18.00.04,2,1,83,8,
3257,2020-04-28,20.00.04,1,1,85,7,
3258,2020-04-28,22.00.04,-0,7,88,6,
3259,2020-04-29,00.00.04,-1,8,89,5,
3260,2020-04-29,02.00.04,-0,5,90,4,
3261,2020-04-29,04.00.04,-0,5,90,7,
3262,2020-04-29,06.00.04,-0,4,91,3,
3263,2020-04-29,08.00.04,0,3,88,4,
3264,2020-04-29,10.00.04,0,8,86,1,
3265,2020-04-29,12.00.04,2,5,76,5,
3266,2020-04-29,14.00.04,5,9,58,2,
3267,2020-04-29,16.00.04,4,4,58,5,
3268,2020-04-29,18.00.04,4,0,56,0,
3269,2020-04-29,20.00.04,1,6,57,3,
3270,2020-04-29,22.00.04,-2,1,75,5,
3271,2020-04-30,00.00.04,-3,5,78,7,
3272,2020-04-30,02.00.04,-4,8,81,9,
3273,2020-04-30,04.00.04,-5,5,83,6,
3274,2020-04-30,06.00.04,-5,7,84,7,
3275,2020-04-30,08.00.04,-2,2,82,8,
3276,2020-04-30,10.00.04,2,8,56,4,
3277,2020-04-30,12.00.04,3,8,52,7,
3278,2020-04-30,14.00.04,4,2,53,0,
3279,2020-04-30,16.00.04,4,9,46,6,
3280,2020-04-30,18.00.04,5,4,45,5,
3281,2020-04-30,20.00.04,3,7,54,5,
3282,2020-04-30,22.00.04,0,4,66,5,
3283,2020-05-01,00.00.04,-0,4,64,0,
3284,2020-05-01,02.00.04,-2,6,74,7,
3285,2020-05-01,04.00.04,-3,3,80,1,
3286,2020-05-01,06.00.04,-2,3,79,1,
3287,2020-05-01,08.00.04,1,2,63,4,
3288,2020-05-01,10.00.04,4,6,47,4,
3289,2020-05-01,12.00.04,8,4,42,0,
3290,2020-05-01,14.00.04,7,1,45,3,
3291,2020-05-01,16.00.04,7,3,50,7,
3292,2020-05-01,18.00.04,7,8,53,9,
3293,2020-05-01,20.00.04,7,3,49,8,
3294,2020-05-01,22.00.04,6,3,53,4,
3295,2020-05-02,00.00.04,4,5,74,6,
3296,2020-05-02,02.00.04,3,7,73,8,
3297,2020-05-02,04.00.04,4,7,63,5,
3298,2020-05-02,06.00.04,3,9,66,1,
3299,2020-05-02,08.00.04,4,8,64,3,
3300,2020-05-02,10.00.04,9,2,54,6,
3301,2020-05-02,12.00.04,11,3,52,2,
3302,2020-05-02,14.00.04,13,1,51,4,
3303,2020-05-02,16.00.04,14,3,47,7,
3304,2020-05-02,18.00.04,13,6,49,3,
3305,2020-05-02,20.00.04,8,4,82,7,
3306,2020-05-02,22.00.04,7,0,89,2,
3307,2020-05-03,00.00.04,6,5,91,4,
3308,2020-05-03,02.00.04,6,4,92,3,
3309,2020-05-03,04.00.04,6,4,92,8,
3310,2020-05-03,06.00.04,6,3,93,2,
3311,2020-05-03,08.00.04,6,9,93,7,
3312,2020-05-03,10.00.04,7,6,93,6,
3313,2020-05-03,12.00.04,8,9,87,5,
3314,2020-05-03,14.00.04,9,2,81,3,
3315,2020-05-03,16.00.04,9,3,79,4,
3316,2020-05-03,18.00.04,10,9,70,3,
3317,2020-05-03,20.00.04,9,5,78,2,
3318,2020-05-03,22.00.04,5,3,84,8,
3319,2020-05-04,00.00.04,1,6,87,7,
3320,2020-05-04,02.00.04,1,0,90,1,
3321,2020-05-04,04.00.04,3,7,92,1,
3322,2020-05-04,06.00.04,4,7,93,0,
3323,2020-05-04,08.00.04,5,0,88,8,
3324,2020-05-04,10.00.04,6,8,83,1,
3325,2020-05-04,12.00.04,11,0,68,9,
3326,2020-05-04,14.00.04,11,5,55,0,
3327,2020-05-04,16.00.04,13,2,44,7,
3328,2020-05-04,18.00.04,12,9,40,4,
3329,2020-05-04,20.00.04,9,1,56,0,
3330,2020-05-04,22.00.04,5,4,74,0,
3331,2020-05-05,00.00.04,2,3,78,6,
3332,2020-05-05,02.00.04,1,0,82,7,
3333,2020-05-05,04.00.04,-1,0,84,6,
3334,2020-05-05,06.00.04,-0,8,85,2,
3335,2020-05-05,08.00.04,2,8,81,3,
3336,2020-05-05,10.00.04,10,3,57,1,
3337,2020-05-05,12.00.04,15,1,42,5,
3338,2020-05-05,14.00.04,14,7,42,0,
3339,2020-05-05,16.00.04,16,0,34,3,
3340,2020-05-05,18.00.04,14,7,40,4,
3341,2020-05-05,20.00.04,11,2,47,3,
3342,2020-05-05,22.00.04,7,1,65,9,
3343,2020-05-06,00.00.04,2,9,74,0,
3344,2020-05-06,02.00.04,0,7,77,4,
3345,2020-05-06,04.00.04,-1,3,82,3,
3346,2020-05-06,06.00.04,-1,7,86,0,
3347,2020-05-06,08.00.04,4,8,74,2,
3348,2020-05-06,10.00.04,9,5,54,2,
3349,2020-05-06,12.00.04,12,9,44,0,
3350,2020-05-06,14.00.04,13,4,38,5,
3351,2020-05-06,16.00.04,11,8,44,4,
3352,2020-05-06,18.00.04,11,0,44,3,
3353,2020-05-06,20.00.04,7,7,46,9,
3354,2020-05-06,22.00.04,3,9,57,4,
3355,2020-05-07,00.00.04,1,2,68,5,
3356,2020-05-07,02.00.04,0,2,75,3,
3357,2020-05-07,04.00.04,-0,9,82,0,
3358,2020-05-07,06.00.04,-0,4,84,3,
3359,2020-05-07,08.00.04,3,6,71,7,
3360,2020-05-07,10.00.04,7,7,53,6,
3361,2020-05-07,12.00.04,11,1,51,4,
3362,2020-05-07,14.00.04,11,1,46,9,
3363,2020-05-07,16.00.04,11,8,42,0,
3364,2020-05-07,18.00.04,9,9,43,9,
3365,2020-05-07,20.00.04,8,0,49,8,
3366,2020-05-07,22.00.04,4,1,64,6,
3367,2020-05-08,00.00.04,0,9,71,0,
3368,2020-05-08,02.00.04,0,2,77,7,
3369,2020-05-08,04.00.04,-1,9,83,5,
3370,2020-05-08,06.00.04,-1,7,86,0,
3371,2020-05-08,08.00.04,3,3,80,4,
3372,2020-05-08,10.00.04,8,5,53,7,
3373,2020-05-08,12.00.04,11,3,45,0,
3374,2020-05-08,14.00.04,9,1,51,7,
3375,2020-05-08,16.00.04,6,7,81,3,
3376,2020-05-08,18.00.04,11,8,47,3,
3377,2020-05-08,20.00.04,9,4,46,4,
3378,2020-05-08,22.00.04,8,0,59,6,
3379,2020-05-09,00.00.04,4,7,86,3,
3380,2020-05-09,02.00.04,4,1,88,6,
3381,2020-05-09,04.00.04,4,2,87,4,
3382,2020-05-09,06.00.04,3,6,86,4,
3383,2020-05-09,08.00.04,4,7,84,3,
3384,2020-05-09,10.00.04,7,2,62,2,
3385,2020-05-09,12.00.04,9,7,49,1,
3386,2020-05-09,14.00.04,9,3,45,6,
3387,2020-05-09,16.00.04,10,3,45,0,
3388,2020-05-09,18.00.04,8,3,50,9,
3389,2020-05-09,20.00.04,5,7,61,0,
3390,2020-05-09,22.00.04,1,8,75,1,
3391,2020-05-10,00.00.04,-1,6,82,3,
3392,2020-05-10,02.00.04,-1,7,83,4,
3393,2020-05-10,04.00.04,-0,3,81,9,
3394,2020-05-10,06.00.04,0,5,81,9,
3395,2020-05-10,08.00.04,4,3,70,0,
3396,2020-05-10,10.00.04,9,3,48,4,
3397,2020-05-10,12.00.04,13,1,45,8,
3398,2020-05-10,14.00.04,13,9,41,6,
3399,2020-05-10,16.00.04,14,1,42,5,
3400,2020-05-10,18.00.04,14,5,44,8,
3401,2020-05-10,20.00.04,13,0,50,9,
3402,2020-05-10,22.00.04,11,1,61,8,
3403,2020-05-11,00.00.04,8,0,83,3,
3404,2020-05-11,02.00.04,7,1,88,4,
3405,2020-05-11,04.00.04,4,0,88,6,
3406,2020-05-11,06.00.04,0,2,91,3,
3407,2020-05-11,08.00.04,0,2,92,0,
3408,2020-05-11,10.00.04,0,0,91,0,
3409,2020-05-11,12.00.04,0,4,90,2,
3410,2020-05-11,14.00.04,1,7,87,0,
3411,2020-05-11,16.00.04,1,3,86,8,
3412,2020-05-11,18.00.04,1,5,86,8,
3413,2020-05-11,20.00.04,0,7,90,5,
3414,2020-05-11,22.00.04,-0,2,90,7,
3415,2020-05-12,00.00.04,-1,1,88,7,
3416,2020-05-12,02.00.04,-2,1,89,9,
3417,2020-05-12,04.00.04,-2,0,91,2,
3418,2020-05-12,06.00.04,-2,3,91,8,
3419,2020-05-12,08.00.04,0,5,91,1,
3420,2020-05-12,10.00.04,3,7,83,4,
3421,2020-05-12,12.00.04,5,9,57,8,
3422,2020-05-12,14.00.04,5,4,63,2,
3423,2020-05-12,16.00.04,4,2,76,5,
3424,2020-05-12,18.00.04,5,8,72,6,
3425,2020-05-12,20.00.04,3,8,75,9,
3426,2020-05-12,22.00.04,0,9,82,2,
3427,2020-05-13,00.00.04,-1,3,87,3,
3428,2020-05-13,02.00.04,-2,6,87,9,
3429,2020-05-13,04.00.04,-3,2,87,5,
3430,2020-05-13,06.00.04,-4,5,87,1,
3431,2020-05-13,08.00.04,1,0,84,0,
3432,2020-05-13,10.00.04,7,5,42,0,
3433,2020-05-13,12.00.04,10,1,38,6,
3434,2020-05-13,14.00.04,8,9,37,0,
3435,2020-05-13,16.00.04,8,9,36,4,
3436,2020-05-13,18.00.04,8,3,47,0,
3437,2020-05-13,20.00.04,5,7,63,2,
3438,2020-05-13,22.00.04,2,8,80,6,
3439,2020-05-14,00.00.04,0,5,84,1,
3440,2020-05-14,02.00.04,-1,3,87,5,
3441,2020-05-14,04.00.04,0,2,88,5,
3442,2020-05-14,06.00.04,0,5,84,8,
3443,2020-05-14,08.00.04,4,4,67,3,
3444,2020-05-14,10.00.04,8,0,44,9,
3445,2020-05-14,12.00.04,7,7,38,2,
3446,2020-05-14,14.00.04,8,6,40,8,
3447,2020-05-14,16.00.04,8,3,42,1,
3448,2020-05-14,18.00.04,8,4,39,4,
3449,2020-05-14,20.00.04,5,5,44,9,
3450,2020-05-14,22.00.04,2,9,50,7,
3451,2020-05-15,00.00.04,0,1,65,3,
3452,2020-05-15,02.00.04,-1,8,79,8,
3453,2020-05-15,04.00.04,-1,3,80,8,
3454,2020-05-15,06.00.04,-2,1,83,7,
3455,2020-05-15,08.00.04,2,6,77,8,
3456,2020-05-15,10.00.04,3,0,79,5,
3457,2020-05-15,12.00.04,5,8,74,5,
3458,2020-05-15,14.00.04,6,8,62,0,
3459,2020-05-15,16.00.04,6,1,66,8,
3460,2020-05-15,18.00.04,7,4,45,1,
3461,2020-05-15,20.00.04,6,0,51,5,
3462,2020-05-15,22.00.04,1,8,69,6,
3463,2020-05-16,00.00.04,-1,1,81,2,
3464,2020-05-16,02.00.04,-0,3,82,9,
3465,2020-05-16,04.00.04,1,4,81,7,
3466,2020-05-16,06.00.04,0,3,89,3,
3467,2020-05-16,08.00.04,2,0,88,2,
3468,2020-05-16,10.00.04,3,3,85,2,
3469,2020-05-16,12.00.04,5,0,79,8,
3470,2020-05-16,14.00.04,6,9,62,1,
3471,2020-05-16,16.00.04,7,6,59,4,
3472,2020-05-16,18.00.04,7,2,60,2,
3473,2020-05-16,20.00.04,3,3,88,1,
3474,2020-05-16,22.00.04,3,0,89,4,
3475,2020-05-17,00.00.04,0,7,90,6,
3476,2020-05-17,02.00.04,-0,7,91,2,
3477,2020-05-17,04.00.04,-1,4,91,9,
3478,2020-05-17,06.00.04,-1,7,91,5,
3479,2020-05-17,08.00.04,1,3,88,1,
3480,2020-05-17,10.00.04,6,4,69,0,
3481,2020-05-17,12.00.04,10,6,42,9,
3482,2020-05-17,14.00.04,11,2,38,9,
3483,2020-05-17,16.00.04,10,4,38,9,
3484,2020-05-17,18.00.04,9,6,39,8,
3485,2020-05-17,20.00.04,7,9,51,9,
3486,2020-05-17,22.00.04,5,0,67,4,
3487,2020-05-18,00.00.04,2,3,78,4,
3488,2020-05-18,02.00.04,-0,9,84,2,
3489,2020-05-18,04.00.04,-0,3,86,8,
3490,2020-05-18,06.00.04,1,1,89,3,
3491,2020-05-18,08.00.04,3,2,84,2,
3492,2020-05-18,10.00.04,8,3,66,3,
3493,2020-05-18,12.00.04,12,2,43,3,
3494,2020-05-18,14.00.04,8,1,61,9,
3495,2020-05-18,16.00.04,10,0,56,2,
3496,2020-05-18,18.00.04,8,8,63,4,
3497,2020-05-18,20.00.04,6,7,71,8,
3498,2020-05-18,22.00.04,3,6,81,1,
3499,2020-05-19,00.00.04,1,3,90,0,
3500,2020-05-19,02.00.04,-0,7,89,7,
3501,2020-05-19,04.00.04,-1,0,91,6,
3502,2020-05-19,06.00.04,-1,6,91,0,
3503,2020-05-19,08.00.04,3,0,92,2,
3504,2020-05-19,10.00.04,6,3,81,8,
3505,2020-05-19,12.00.04,8,6,57,6,
3506,2020-05-19,14.00.04,7,6,69,8,
3507,2020-05-19,16.00.04,7,4,68,1,
3508,2020-05-19,18.00.04,6,9,78,3,
3509,2020-05-19,20.00.04,4,6,82,5,
3510,2020-05-19,22.00.04,3,6,86,8,
3511,2020-05-20,00.00.04,2,1,89,5,
3512,2020-05-20,02.00.04,3,2,91,6,
3513,2020-05-20,04.00.04,2,6,91,9,
3514,2020-05-20,06.00.04,2,4,92,7,
3515,2020-05-20,08.00.04,4,1,90,6,
3516,2020-05-20,10.00.04,6,7,82,5,
3517,2020-05-20,12.00.04,10,7,59,0,
3518,2020-05-20,14.00.04,12,3,48,2,
3519,2020-05-20,16.00.04,11,4,47,6,
3520,2020-05-20,18.00.04,9,8,51,9,
3521,2020-05-20,20.00.04,7,7,58,3,
3522,2020-05-20,22.00.04,5,7,67,4,
3523,2020-05-21,00.00.04,3,3,76,9,
3524,2020-05-21,02.00.04,2,6,81,7,
3525,2020-05-21,04.00.04,1,8,84,1,
3526,2020-05-21,06.00.04,1,4,84,9,
3527,2020-05-21,08.00.04,5,2,72,9,
3528,2020-05-21,10.00.04,8,0,57,2,
3529,2020-05-21,12.00.04,10,3,44,8,
3530,2020-05-21,14.00.04,12,0,38,7,
3531,2020-05-21,16.00.04,10,2,41,9,
3532,2020-05-21,18.00.04,10,9,42,1,
3533,2020-05-21,20.00.04,10,0,48,0,
3534,2020-05-21,22.00.04,8,0,58,8,
3535,2020-05-22,00.00.04,4,5,69,7,
3536,2020-05-22,02.00.04,1,9,79,9,
3537,2020-05-22,04.00.04,0,6,82,8,
3538,2020-05-22,06.00.04,0,0,86,0,
3539,2020-05-22,08.00.04,6,4,69,7,
3540,2020-05-22,10.00.04,13,1,38,9,
3541,2020-05-22,12.00.04,15,4,34,9,
3542,2020-05-22,14.00.04,16,2,31,0,
3543,2020-05-22,16.00.04,16,9,28,5,
3544,2020-05-22,18.00.04,16,5,29,2,
3545,2020-05-22,20.00.04,13,4,37,6,
3546,2020-05-22,22.00.04,9,1,57,8,
3547,2020-05-23,00.00.04,5,0,67,0,
3548,2020-05-23,02.00.04,2,6,77,9,
3549,2020-05-23,04.00.04,-0,1,82,3,
3550,2020-05-23,06.00.04,0,4,86,8,
3551,2020-05-23,08.00.04,7,9,72,9,
3552,2020-05-23,10.00.04,16,1,34,6,
3553,2020-05-23,12.00.04,18,1,31,7,
3554,2020-05-23,14.00.04,19,0,30,0,
3555,2020-05-23,16.00.04,19,4,32,7,
3556,2020-05-23,18.00.04,18,2,32,8,
3557,2020-05-23,20.00.04,15,9,34,4,
3558,2020-05-23,22.00.04,12,7,37,6,
3559,2020-05-24,00.00.04,8,2,53,1,
3560,2020-05-24,02.00.04,8,5,52,2,
3561,2020-05-24,04.00.04,7,6,52,9,
3562,2020-05-24,06.00.04,8,7,50,9,
3563,2020-05-24,08.00.04,11,2,43,6,
3564,2020-05-24,10.00.04,14,7,39,5,
3565,2020-05-24,12.00.04,15,6,37,6,
3566,2020-05-24,14.00.04,17,2,35,3,
3567,2020-05-24,16.00.04,17,0,36,2,
3568,2020-05-24,18.00.04,17,0,40,7,
3569,2020-05-24,20.00.04,15,0,47,5,
3570,2020-05-24,22.00.04,12,1,62,1,
3571,2020-05-25,00.00.04,10,1,71,8,
3572,2020-05-25,02.00.04,7,7,79,8,
3573,2020-05-25,04.00.04,4,4,84,4,
3574,2020-05-25,06.00.04,5,4,86,8,
3575,2020-05-25,08.00.04,10,6,74,7,
3576,2020-05-25,10.00.04,15,8,48,9,
3577,2020-05-25,12.00.04,19,1,39,5,
3578,2020-05-25,14.00.04,19,5,34,7,
3579,2020-05-25,16.00.04,19,9,33,3,
3580,2020-05-25,18.00.04,19,1,32,5,
3581,2020-05-25,20.00.04,15,2,44,5,
3582,2020-05-25,22.00.04,12,0,51,0,
3583,2020-05-26,00.00.04,8,4,67,8,
3584,2020-05-26,02.00.04,6,8,72,1,
3585,2020-05-26,04.00.04,3,7,78,9,
3586,2020-05-26,06.00.04,5,5,80,0,
3587,2020-05-26,08.00.04,10,6,68,3,
3588,2020-05-26,10.00.04,18,2,43,7,
3589,2020-05-26,12.00.04,21,2,28,5,
3590,2020-05-26,14.00.04,21,7,28,9,
3591,2020-05-26,16.00.04,22,5,26,9,
3592,2020-05-26,18.00.04,21,8,26,5,
3593,2020-05-26,20.00.04,19,0,35,2,
3594,2020-05-26,22.00.04,15,2,42,4,
3595,2020-05-27,00.00.04,10,3,56,3,
3596,2020-05-27,02.00.04,5,9,74,0,
3597,2020-05-27,04.00.04,3,6,81,3,
3598,2020-05-27,06.00.04,4,5,84,7,
3599,2020-05-27,08.00.04,14,0,55,1,
3600,2020-05-27,10.00.04,17,1,53,6,
3601,2020-05-27,12.00.04,19,2,47,2,
3602,2020-05-27,14.00.04,19,1,44,8,
3603,2020-05-27,16.00.04,18,3,53,6,
3604,2020-05-27,18.00.04,13,0,80,1,
3605,2020-05-27,20.00.04,11,9,82,9,
3606,2020-05-27,22.00.04,10,4,83,2,
3607,2020-05-28,00.00.04,8,9,85,9,
3608,2020-05-28,02.00.04,7,9,85,4,
3609,2020-05-28,04.00.04,7,0,84,1,
3610,2020-05-28,06.00.04,5,9,83,7,
3611,2020-05-28,08.00.04,10,0,72,5,
3612,2020-05-28,10.00.04,14,4,52,3,
3613,2020-05-28,12.00.04,16,7,43,8,
3614,2020-05-28,14.00.04,14,9,45,1,
3615,2020-05-28,16.00.04,14,8,39,0,
3616,2020-05-28,18.00.04,14,7,36,4,
3617,2020-05-28,20.00.04,12,1,44,9,
3618,2020-05-28,22.00.04,8,8,60,4,
3619,2020-05-29,00.00.04,6,5,71,5,
3620,2020-05-29,02.00.04,2,8,79,5,
3621,2020-05-29,04.00.04,1,7,85,7,
3622,2020-05-29,06.00.04,2,5,88,4,
3623,2020-05-29,08.00.04,8,7,76,0,
3624,2020-05-29,10.00.04,13,0,57,6,
3625,2020-05-29,12.00.04,14,8,50,7,
3626,2020-05-29,14.00.04,16,2,47,4,
3627,2020-05-29,16.00.04,16,4,45,0,
3628,2020-05-29,18.00.04,14,5,48,9,
3629,2020-05-29,20.00.04,13,4,53,1,
3630,2020-05-29,22.00.04,11,7,60,5,
3631,2020-05-30,00.00.04,10,2,67,5,
3632,2020-05-30,02.00.04,8,4,72,6,
3633,2020-05-30,04.00.04,4,9,81,7,
3634,2020-05-30,06.00.04,5,1,84,8,
3635,2020-05-30,08.00.04,10,3,70,3,
3636,2020-05-30,10.00.04,16,1,48,7,
3637,2020-05-30,12.00.04,17,5,42,2,
3638,2020-05-30,14.00.04,18,2,40,6,
3639,2020-05-30,16.00.04,19,2,37,3,
3640,2020-05-30,18.00.04,18,7,36,3,
3641,2020-05-30,20.00.04,16,8,39,8,
3642,2020-05-30,22.00.04,13,3,53,8,
3643,2020-05-31,00.00.04,8,2,67,0,
3644,2020-05-31,02.00.04,4,9,77,1,
3645,2020-05-31,04.00.04,4,2,80,9,
3646,2020-05-31,06.00.04,5,3,82,0,
3647,2020-05-31,08.00.04,11,1,63,0,
3648,2020-05-31,10.00.04,17,4,42,6,
3649,2020-05-31,12.00.04,19,9,38,9,
3650,2020-05-31,14.00.04,21,5,36,3,
3651,2020-05-31,16.00.04,22,3,35,7,
3652,2020-05-31,18.00.04,21,0,41,0,
3653,2020-05-31,20.00.04,19,7,43,9,
3654,2020-05-31,22.00.04,17,4,50,9,
3655,2020-06-01,00.00.04,13,2,66,1,
3656,2020-06-01,02.00.04,9,7,76,1,
3657,2020-06-01,04.00.04,8,0,80,3,
3658,2020-06-01,06.00.04,9,3,80,3,
3659,2020-06-01,08.00.04,14,4,69,7,
3660,2020-06-01,10.00.04,19,6,51,4,
3661,2020-06-01,12.00.04,23,1,44,5,
3662,2020-06-01,14.00.04,24,5,40,0,
3663,2020-06-01,16.00.04,24,6,37,5,
3664,2020-06-01,18.00.04,22,8,41,5,
3665,2020-06-01,20.00.04,19,9,51,3,
3666,2020-06-01,22.00.04,16,6,57,9,
3667,2020-06-02,00.00.04,12,0,71,7,
3668,2020-06-02,02.00.04,9,6,77,1,
3669,2020-06-02,04.00.04,9,0,81,7,
3670,2020-06-02,06.00.04,8,5,79,8,
3671,2020-06-02,08.00.04,12,7,57,8,
3672,2020-06-02,10.00.04,16,7,51,6,
3673,2020-06-02,12.00.04,18,7,45,2,
3674,2020-06-02,14.00.04,20,0,43,4,
3675,2020-06-02,16.00.04,21,1,40,1,
3676,2020-06-02,18.00.04,20,7,41,8,
3677,2020-06-02,20.00.04,18,4,45,0,
3678,2020-06-02,22.00.04,14,9,55,6,
3679,2020-06-03,00.00.04,9,8,71,6,
3680,2020-06-03,02.00.04,6,9,81,0,
3681,2020-06-03,04.00.04,5,4,83,2,
3682,2020-06-03,06.00.04,8,9,78,4,
3683,2020-06-03,08.00.04,14,2,56,3,
3684,2020-06-03,10.00.04,18,1,43,0,
3685,2020-06-03,12.00.04,19,7,36,9,
3686,2020-06-03,14.00.04,20,4,33,4,
3687,2020-06-03,16.00.04,20,5,32,7,
3688,2020-06-03,18.00.04,19,6,33,4,
3689,2020-06-03,20.00.04,17,7,37,9,
3690,2020-06-03,22.00.04,14,2,49,5,
3691,2020-06-04,00.00.04,9,1,62,5,
3692,2020-06-04,02.00.04,5,6,76,9,
3693,2020-06-04,04.00.04,2,9,82,2,
3694,2020-06-04,06.00.04,4,2,82,7,
3695,2020-06-04,08.00.04,10,8,71,1,
3696,2020-06-04,10.00.04,18,5,42,0,
3697,2020-06-04,12.00.04,20,6,39,3,
3698,2020-06-04,14.00.04,19,8,44,8,
3699,2020-06-04,16.00.04,20,5,45,7,
3700,2020-06-04,18.00.04,20,1,42,6,
3701,2020-06-04,20.00.04,19,0,45,8,
3702,2020-06-04,22.00.04,16,6,56,7,
3703,2020-06-05,00.00.04,13,1,71,0,
3704,2020-06-05,02.00.04,10,8,83,1,
3705,2020-06-05,04.00.04,10,2,87,9,
3706,2020-06-05,06.00.04,10,5,89,4,
3707,2020-06-05,08.00.04,11,0,90,6,
3708,2020-06-05,10.00.04,12,4,90,8,
3709,2020-06-05,12.00.04,13,1,86,8,
3710,2020-06-05,14.00.04,15,2,77,3,
3711,2020-06-05,16.00.04,14,9,77,9,
3712,2020-06-05,18.00.04,14,3,79,9,
3713,2020-06-05,20.00.04,14,4,79,2,
3714,2020-06-05,22.00.04,13,2,85,9,
3715,2020-06-06,00.00.04,12,0,87,0,
3716,2020-06-06,02.00.04,11,7,90,7,
3717,2020-06-06,04.00.04,10,3,91,7,
3718,2020-06-06,06.00.04,10,8,92,2,
3719,2020-06-06,08.00.04,14,4,82,0,
3720,2020-06-06,10.00.04,16,9,65,2,
3721,2020-06-06,12.00.04,13,1,87,9,
3722,2020-06-06,14.00.04,12,7,89,8,
3723,2020-06-06,16.00.04,14,6,85,8,
3724,2020-06-06,18.00.04,10,4,85,6,
3725,2020-06-06,20.00.04,10,8,85,0,
3726,2020-06-06,22.00.04,10,1,80,7,
3727,2020-06-07,00.00.04,10,0,77,9,
3728,2020-06-07,02.00.04,10,1,77,2,
3729,2020-06-07,04.00.04,9,1,83,4,
3730,2020-06-07,06.00.04,9,8,79,8,
3731,2020-06-07,08.00.04,10,4,79,6,
3732,2020-06-07,10.00.04,13,1,71,0,
3733,2020-06-07,12.00.04,16,4,56,0,
3734,2020-06-07,14.00.04,16,6,52,8,
3735,2020-06-07,16.00.04,18,5,47,9,
3736,2020-06-07,18.00.04,17,9,42,2,
3737,2020-06-07,20.00.04,17,0,44,8,
3738,2020-06-07,22.00.04,15,2,51,1,
3739,2020-06-08,00.00.04,11,6,66,0,
3740,2020-06-08,02.00.04,10,2,73,6,
3741,2020-06-08,04.00.04,6,7,82,7,
3742,2020-06-08,06.00.04,7,9,87,1,
3743,2020-06-08,08.00.04,13,0,71,5,
3744,2020-06-08,10.00.04,17,7,51,8,
3745,2020-06-08,12.00.04,19,3,47,3,
3746,2020-06-08,14.00.04,18,7,49,5,
3747,2020-06-08,16.00.04,18,0,48,3,
3748,2020-06-08,18.00.04,17,4,47,7,
3749,2020-06-08,20.00.04,15,1,69,4,
3750,2020-06-08,22.00.04,13,4,78,9,
3751,2020-06-09,00.00.04,12,3,81,9,
3752,2020-06-09,02.00.04,11,6,83,6,
3753,2020-06-09,04.00.04,11,7,81,8,
3754,2020-06-09,06.00.04,11,8,83,2,
3755,2020-06-09,08.00.04,13,4,77,2,
3756,2020-06-09,10.00.04,15,4,69,3,
3757,2020-06-09,12.00.04,18,0,56,5,
3758,2020-06-09,14.00.04,20,0,44,5,
3759,2020-06-09,16.00.04,20,1,44,6,
3760,2020-06-09,18.00.04,20,3,44,3,
3761,2020-06-09,20.00.04,17,8,52,3,
3762,2020-06-09,22.00.04,16,1,59,2,
3763,2020-06-10,00.00.04,14,2,63,4,
3764,2020-06-10,02.00.04,10,8,70,3,
3765,2020-06-10,04.00.04,8,7,76,3,
3766,2020-06-10,06.00.04,8,9,77,0,
3767,2020-06-10,08.00.04,13,1,61,2,
3768,2020-06-10,10.00.04,18,8,41,0,
3769,2020-06-10,12.00.04,21,4,39,2,
3770,2020-06-10,14.00.04,21,6,38,1,
3771,2020-06-10,16.00.04,22,2,33,9,
3772,2020-06-10,18.00.04,21,2,38,0,
3773,2020-06-10,20.00.04,18,5,39,3,
3774,2020-06-10,22.00.04,15,6,48,4,
3775,2020-06-11,00.00.04,12,9,57,9,
3776,2020-06-11,02.00.04,10,0,67,0,
3777,2020-06-11,04.00.04,8,0,73,8,
3778,2020-06-11,06.00.04,8,6,76,5,
3779,2020-06-11,08.00.04,12,5,69,1,
3780,2020-06-11,10.00.04,19,2,55,0,
3781,2020-06-11,12.00.04,22,6,44,1,
3782,2020-06-11,14.00.04,23,8,37,2,
3783,2020-06-11,16.00.04,23,9,34,6,
3784,2020-06-11,18.00.04,22,7,36,9,
3785,2020-06-11,20.00.04,20,9,38,9,
3786,2020-06-11,22.00.04,17,5,53,6,
3787,2020-06-12,00.00.04,12,4,67,3,
3788,2020-06-12,02.00.04,9,6,77,7,
3789,2020-06-12,04.00.04,7,2,81,4,
3790,2020-06-12,06.00.04,8,3,84,7,
3791,2020-06-12,08.00.04,15,2,76,4,
3792,2020-06-12,10.00.04,21,4,48,6,
3793,2020-06-12,12.00.04,23,6,39,2,
3794,2020-06-12,14.00.04,24,0,35,4,
3795,2020-06-12,16.00.04,23,2,33,9,
3796,2020-06-12,18.00.04,23,2,35,5,
3797,2020-06-12,20.00.04,20,9,40,0,
3798,2020-06-12,22.00.04,17,6,51,7,
3799,2020-06-13,00.00.04,11,9,70,7,
3800,2020-06-13,02.00.04,8,6,77,7,
3801,2020-06-13,04.00.04,6,7,83,4,
3802,2020-06-13,06.00.04,7,7,85,2,
3803,2020-06-13,08.00.04,13,5,75,4,
3804,2020-06-13,10.00.04,22,0,44,0,
3805,2020-06-13,12.00.04,24,8,37,2,
3806,2020-06-13,14.00.04,23,6,39,4,
3807,2020-06-13,16.00.04,24,9,35,3,
3808,2020-06-13,18.00.04,23,6,43,9,
3809,2020-06-13,20.00.04,21,1,46,6,
3810,2020-06-13,22.00.04,19,3,49,9,
3811,2020-06-14,00.00.04,14,1,68,3,
3812,2020-06-14,02.00.04,13,6,70,0,
3813,2020-06-14,04.00.04,13,4,69,2,
3814,2020-06-14,06.00.04,13,2,70,2,
3815,2020-06-14,08.00.04,18,2,48,9,
3816,2020-06-14,10.00.04,22,8,39,0,
3817,2020-06-14,12.00.04,24,8,35,2,
3818,2020-06-14,14.00.04,25,2,34,2,
3819,2020-06-14,16.00.04,25,9,32,6,
3820,2020-06-14,18.00.04,25,2,31,8,
3821,2020-06-14,20.00.04,22,3,41,0,
3822,2020-06-14,22.00.04,18,3,54,8,
3823,2020-06-15,00.00.04,13,0,68,3,
3824,2020-06-15,02.00.04,12,6,73,1,
3825,2020-06-15,04.00.04,9,3,80,1,
3826,2020-06-15,06.00.04,10,3,83,7,
3827,2020-06-15,08.00.04,16,7,56,0,
3828,2020-06-15,10.00.04,24,0,38,0,
3829,2020-06-15,12.00.04,26,0,35,6,
3830,2020-06-15,14.00.04,26,4,33,2,
3831,2020-06-15,16.00.04,27,6,32,3,
3832,2020-06-15,18.00.04,26,7,33,3,
3833,2020-06-15,20.00.04,24,5,35,8,
3834,2020-06-15,22.00.04,20,1,51,2,
3835,2020-06-16,00.00.04,14,7,70,5,
3836,2020-06-16,02.00.04,12,4,74,2,
3837,2020-06-16,04.00.04,10,6,80,9,
3838,2020-06-16,06.00.04,12,2,82,0,
3839,2020-06-16,08.00.04,17,8,69,8,
3840,2020-06-16,10.00.04,23,7,54,2,
3841,2020-06-16,12.00.04,27,2,44,2,
3842,2020-06-16,14.00.04,28,3,38,2,
3843,2020-06-16,16.00.04,27,7,39,4,
3844,2020-06-16,18.00.04,27,1,38,3,
3845,2020-06-16,20.00.04,25,6,44,2,
3846,2020-06-16,22.00.04,21,9,58,4,
3847,2020-06-17,00.00.04,18,4,70,8,
3848,2020-06-17,02.00.04,18,6,66,5,
3849,2020-06-17,04.00.04,17,6,71,0,
3850,2020-06-17,06.00.04,17,3,79,9,
3851,2020-06-17,08.00.04,19,4,78,6,
3852,2020-06-17,10.00.04,23,8,66,4,
3853,2020-06-17,12.00.04,22,9,69,9,
3854,2020-06-17,14.00.04,18,7,90,5,
3855,2020-06-17,16.00.04,19,8,91,7,
3856,2020-06-17,18.00.04,20,8,91,9,
3857,2020-06-17,20.00.04,19,5,89,5,
3858,2020-06-17,22.00.04,18,8,91,1,
3859,2020-06-18,00.00.04,17,9,92,5,
3860,2020-06-18,02.00.04,16,8,92,7,
3861,2020-06-18,04.00.04,14,4,92,8,
3862,2020-06-18,06.00.04,15,1,93,5,
3863,2020-06-18,08.00.04,16,8,88,1,
3864,2020-06-18,10.00.04,19,6,68,7,
3865,2020-06-18,12.00.04,21,3,61,7,
3866,2020-06-18,14.00.04,22,1,54,9,
3867,2020-06-18,16.00.04,22,0,53,9,
3868,2020-06-18,18.00.04,21,8,56,2,
3869,2020-06-18,20.00.04,19,9,62,1,
3870,2020-06-18,22.00.04,17,1,75,4,
3871,2020-06-19,00.00.04,13,3,83,6,
3872,2020-06-19,02.00.04,11,0,87,5,
3873,2020-06-19,04.00.04,9,6,89,6,
3874,2020-06-19,06.00.04,10,5,91,3,
3875,2020-06-19,08.00.04,14,8,86,3,
3876,2020-06-19,10.00.04,21,0,69,6,
3877,2020-06-19,12.00.04,23,2,64,4,
3878,2020-06-19,14.00.04,23,0,60,8,
3879,2020-06-19,16.00.04,22,9,61,0,
3880,2020-06-19,18.00.04,23,0,58,7,
3881,2020-06-19,20.00.04,21,6,60,2,
3882,2020-06-19,22.00.04,18,1,76,7,
3883,2020-06-20,00.00.04,14,2,82,6,
3884,2020-06-20,02.00.04,11,7,86,4,
3885,2020-06-20,04.00.04,10,2,86,3,
3886,2020-06-20,06.00.04,11,3,90,4,
3887,2020-06-20,08.00.04,18,4,77,6,
3888,2020-06-20,10.00.04,22,4,59,6,
3889,2020-06-20,12.00.04,19,2,75,1,
3890,2020-06-20,14.00.04,24,5,49,7,
3891,2020-06-20,16.00.04,24,7,47,3,
3892,2020-06-20,18.00.04,23,8,53,2,
3893,2020-06-20,20.00.04,21,9,58,3,
3894,2020-06-20,22.00.04,19,6,65,3,
3895,2020-06-21,00.00.04,17,7,70,8,
3896,2020-06-21,02.00.04,15,1,75,9,
3897,2020-06-21,04.00.04,14,7,76,9,
3898,2020-06-21,06.00.04,15,9,71,8,
3899,2020-06-21,08.00.04,16,1,61,5,
3900,2020-06-21,10.00.04,17,4,54,9,
3901,2020-06-21,12.00.04,19,6,53,1,
3902,2020-06-21,14.00.04,20,9,51,8,
3903,2020-06-21,16.00.04,21,8,46,9,
3904,2020-06-21,18.00.04,21,2,50,7,
3905,2020-06-21,20.00.04,19,3,50,7,
3906,2020-06-21,22.00.04,15,8,64,3,
3907,2020-06-22,00.00.04,11,7,75,7,
3908,2020-06-22,02.00.04,8,2,84,3,
3909,2020-06-22,04.00.04,6,6,87,0,
3910,2020-06-22,06.00.04,7,1,89,5,
3911,2020-06-22,08.00.04,14,2,76,4,
3912,2020-06-22,10.00.04,20,8,46,2,
3913,2020-06-22,12.00.04,23,0,42,4,
3914,2020-06-22,14.00.04,23,8,38,8,
3915,2020-06-22,16.00.04,25,1,37,6,
3916,2020-06-22,18.00.04,23,4,40,4,
3917,2020-06-22,20.00.04,21,1,44,3,
3918,2020-06-22,22.00.04,19,5,54,4,
3919,2020-06-23,00.00.04,13,5,71,1,
3920,2020-06-23,02.00.04,10,6,78,1,
3921,2020-06-23,04.00.04,8,9,83,5,
3922,2020-06-23,06.00.04,10,4,87,3,
3923,2020-06-23,08.00.04,16,4,77,6,
3924,2020-06-23,10.00.04,23,2,52,7,
3925,2020-06-23,12.00.04,25,7,44,0,
3926,2020-06-23,14.00.04,26,7,39,3,
3927,2020-06-23,16.00.04,26,6,37,3,
3928,2020-06-23,18.00.04,26,9,34,7,
3929,2020-06-23,20.00.04,24,0,39,6,
3930,2020-06-23,22.00.04,20,1,55,4,
3931,2020-06-24,00.00.04,15,5,67,2,
3932,2020-06-24,02.00.04,13,4,75,4,
3933,2020-06-24,04.00.04,10,6,82,8,
3934,2020-06-24,06.00.04,11,3,86,1,
3935,2020-06-24,08.00.04,17,5,74,7,
3936,2020-06-24,10.00.04,25,1,46,3,
3937,2020-06-24,12.00.04,27,9,40,7,
3938,2020-06-24,14.00.04,28,5,36,7,
3939,2020-06-24,16.00.04,29,3,32,1,
3940,2020-06-24,18.00.04,28,5,32,5,
3941,2020-06-24,20.00.04,26,3,36,1,
3942,2020-06-24,22.00.04,22,0,48,5,
3943,2020-06-25,00.00.04,19,7,63,2,
3944,2020-06-25,02.00.04,16,1,75,2,
3945,2020-06-25,04.00.04,13,2,83,6,
3946,2020-06-25,06.00.04,14,5,83,9,
3947,2020-06-25,08.00.04,18,8,77,7,
3948,2020-06-25,10.00.04,26,7,47,8,
3949,2020-06-25,12.00.04,29,6,36,7,
3950,2020-06-25,14.00.04,30,9,35,4,
3951,2020-06-25,16.00.04,31,5,32,5,
3952,2020-06-25,18.00.04,30,4,31,2,
3953,2020-06-25,20.00.04,27,7,36,7,
3954,2020-06-25,22.00.04,23,1,51,2,
3955,2020-06-26,00.00.04,20,7,59,2,
3956,2020-06-26,02.00.04,15,6,76,3,
3957,2020-06-26,04.00.04,13,1,81,6,
3958,2020-06-26,06.00.04,15,1,84,7,
3959,2020-06-26,08.00.04,20,8,64,0,
3960,2020-06-26,10.00.04,25,4,46,1,
3961,2020-06-26,12.00.04,28,4,36,1,
3962,2020-06-26,14.00.04,29,0,38,9,
3963,2020-06-26,16.00.04,29,5,37,5,
3964,2020-06-26,18.00.04,29,0,39,5,
3965,2020-06-26,20.00.04,27,4,40,8,
3966,2020-06-26,22.00.04,23,4,55,5,
3967,2020-06-27,00.00.04,20,1,61,4,
3968,2020-06-27,02.00.04,16,6,68,9,
3969,2020-06-27,04.00.04,14,9,73,5,
3970,2020-06-27,06.00.04,14,4,76,6,
3971,2020-06-27,08.00.04,19,3,65,7,
3972,2020-06-27,10.00.04,25,1,45,8,
3973,2020-06-27,12.00.04,27,6,39,9,
3974,2020-06-27,14.00.04,29,5,37,9,
3975,2020-06-27,16.00.04,26,6,51,6,
3976,2020-06-27,18.00.04,26,6,51,1,
3977,2020-06-27,20.00.04,24,8,55,7,
3978,2020-06-27,22.00.04,22,4,58,8,
3979,2020-06-28,00.00.04,17,7,72,1,
3980,2020-06-28,02.00.04,16,0,71,8,
3981,2020-06-28,04.00.04,16,3,65,9,
3982,2020-06-28,06.00.04,14,6,75,8,
3983,2020-06-28,08.00.04,18,0,62,4,
3984,2020-06-28,10.00.04,23,3,46,2,
3985,2020-06-28,12.00.04,24,1,43,2,
3986,2020-06-28,14.00.04,25,4,37,7,
3987,2020-06-28,16.00.04,26,1,35,8,
3988,2020-06-28,18.00.04,25,4,35,5,
3989,2020-06-28,20.00.04,23,3,42,7,
3990,2020-06-28,22.00.04,20,9,52,2,
3991,2020-06-29,00.00.04,17,7,59,7,
3992,2020-06-29,02.00.04,16,1,66,4,
3993,2020-06-29,04.00.04,16,3,69,1,
3994,2020-06-29,06.00.04,16,7,63,6,
3995,2020-06-29,08.00.04,17,7,60,4,
3996,2020-06-29,10.00.04,20,4,50,0,
3997,2020-06-29,12.00.04,21,8,48,2,
3998,2020-06-29,14.00.04,20,9,45,3,
3999,2020-06-29,16.00.04,20,3,47,9,
4000,2020-06-29,18.00.04,20,9,49,9,
4001,2020-06-29,20.00.04,18,4,65,0,
4002,2020-06-29,22.00.04,14,7,87,7,
4003,2020-06-30,00.00.04,14,2,90,3,
4004,2020-06-30,02.00.04,13,8,90,8,
4005,2020-06-30,04.00.04,13,8,91,6,
4006,2020-06-30,06.00.04,14,0,91,9,
4007,2020-06-30,08.00.04,15,2,90,5,
4008,2020-06-30,10.00.04,15,7,89,8,
4009,2020-06-30,12.00.04,14,5,89,5,
4010,2020-06-30,14.00.04,13,0,92,0,
4011,2020-06-30,16.00.04,12,2,92,7,
4012,2020-06-30,18.00.04,12,4,94,2,
4013,2020-06-30,20.00.04,12,7,94,5,
4014,2020-06-30,22.00.04,13,1,94,6,
4015,2020-07-01,00.00.04,12,6,94,6,
4016,2020-07-01,02.00.04,12,6,94,7,
4017,2020-07-01,04.00.04,12,5,93,6,
4018,2020-07-01,06.00.04,13,0,92,4,
4019,2020-07-01,08.00.04,12,8,93,4,
4020,2020-07-01,10.00.04,16,9,82,4,
4021,2020-07-01,12.00.04,12,8,93,4,
4022,2020-07-01,14.00.04,15,0,92,0,
4023,2020-07-01,16.00.04,13,4,92,7,
4024,2020-07-01,18.00.04,14,0,90,2,
4025,2020-07-01,20.00.04,11,9,85,9,
4026,2020-07-01,22.00.04,10,6,90,7,
4027,2020-07-02,00.00.04,8,4,91,7,
4028,2020-07-02,02.00.04,6,5,92,7,
4029,2020-07-02,04.00.04,4,6,93,5,
4030,2020-07-02,06.00.04,5,4,94,9,
4031,2020-07-02,08.00.04,9,3,95,3,
4032,2020-07-02,10.00.04,15,9,56,3,
4033,2020-07-02,12.00.04,18,2,46,9,
4034,2020-07-02,14.00.04,19,0,40,8,
4035,2020-07-02,16.00.04,18,1,45,8,
4036,2020-07-02,18.00.04,17,8,48,2,
4037,2020-07-02,20.00.04,14,0,78,0,
4038,2020-07-02,22.00.04,12,2,88,7,
4039,2020-07-03,00.00.04,12,2,91,7,
4040,2020-07-03,02.00.04,12,2,92,2,
4041,2020-07-03,04.00.04,12,1,92,2,
4042,2020-07-03,06.00.04,12,5,91,8,
4043,2020-07-03,08.00.04,14,0,84,9,
4044,2020-07-03,10.00.04,16,3,68,1,
4045,2020-07-03,12.00.04,16,8,56,3,
4046,2020-07-03,14.00.04,18,3,52,6,
4047,2020-07-03,16.00.04,13,6,77,3,
4048,2020-07-03,18.00.04,15,5,71,3,
4049,2020-07-03,20.00.04,15,3,66,0,
4050,2020-07-03,22.00.04,13,6,75,3,
4051,2020-07-04,00.00.04,10,9,91,0,
4052,2020-07-04,02.00.04,9,6,91,1,
4053,2020-07-04,04.00.04,8,9,92,6,
4054,2020-07-04,06.00.04,11,1,93,0,
4055,2020-07-04,08.00.04,13,0,86,6,
4056,2020-07-04,10.00.04,15,4,79,1,
4057,2020-07-04,12.00.04,15,9,71,8,
4058,2020-07-04,14.00.04,12,8,87,5,
4059,2020-07-04,16.00.04,11,6,91,2,
4060,2020-07-04,18.00.04,13,5,91,3,
4061,2020-07-04,20.00.04,13,1,92,6,
4062,2020-07-04,22.00.04,12,6,93,1,
4063,2020-07-05,00.00.04,10,9,93,2,
4064,2020-07-05,02.00.04,8,4,93,5,
4065,2020-07-05,04.00.04,6,7,94,0,
4066,2020-07-05,06.00.04,7,9,94,5,
4067,2020-07-05,08.00.04,10,3,94,9,
4068,2020-07-05,10.00.04,11,9,88,8,
4069,2020-07-05,12.00.04,14,7,74,8,
4070,2020-07-05,14.00.04,17,3,55,2,
4071,2020-07-05,16.00.04,18,2,50,7,
4072,2020-07-05,18.00.04,16,5,55,3,
4073,2020-07-05,20.00.04,12,7,83,6,
4074,2020-07-05,22.00.04,12,0,92,6,
4075,2020-07-06,00.00.04,13,4,94,0,
4076,2020-07-06,02.00.04,14,8,94,3,
4077,2020-07-06,04.00.04,13,6,93,9,
4078,2020-07-06,06.00.04,12,8,93,0,
4079,2020-07-06,08.00.04,13,5,88,9,
4080,2020-07-06,10.00.04,16,0,75,9,
4081,2020-07-06,12.00.04,13,3,84,3,
4082,2020-07-06,14.00.04,17,6,59,2,
4083,2020-07-06,16.00.04,18,3,54,2,
4084,2020-07-06,18.00.04,16,6,60,4,
4085,2020-07-06,20.00.04,15,9,61,3,
4086,2020-07-06,22.00.04,14,3,66,9,
4087,2020-07-07,00.00.04,12,3,78,5,
4088,2020-07-07,02.00.04,12,3,81,9,
4089,2020-07-07,04.00.04,12,8,80,9,
4090,2020-07-07,06.00.04,12,7,83,3,
4091,2020-07-07,08.00.04,12,9,84,6,
4092,2020-07-07,10.00.04,14,1,83,5,
4093,2020-07-07,12.00.04,16,2,75,0,
4094,2020-07-07,14.00.04,17,0,71,1,
4095,2020-07-07,16.00.04,17,1,69,4,
4096,2020-07-07,18.00.04,14,3,83,8,
4097,2020-07-07,20.00.04,13,4,86,3,
4098,2020-07-07,22.00.04,12,1,89,0,
4099,2020-07-08,00.00.04,11,0,87,8,
4100,2020-07-08,02.00.04,8,9,89,5,
4101,2020-07-08,04.00.04,5,9,90,2,
4102,2020-07-08,06.00.04,8,0,93,3,
4103,2020-07-08,08.00.04,11,7,92,2,
4104,2020-07-08,10.00.04,16,6,75,8,
4105,2020-07-08,12.00.04,17,8,61,2,
4106,2020-07-08,14.00.04,19,4,58,7,
4107,2020-07-08,16.00.04,12,8,83,2,
4108,2020-07-08,18.00.04,15,7,73,7,
4109,2020-07-08,20.00.04,13,9,76,2,
4110,2020-07-08,22.00.04,12,2,83,2,
4111,2020-07-09,00.00.04,8,6,87,3,
4112,2020-07-09,02.00.04,7,0,89,2,
4113,2020-07-09,04.00.04,6,7,90,1,
4114,2020-07-09,06.00.04,7,6,92,6,
4115,2020-07-09,08.00.04,9,8,88,2,
4116,2020-07-09,10.00.04,12,5,78,9,
4117,2020-07-09,12.00.04,15,1,66,4,
4118,2020-07-09,14.00.04,13,8,67,2,
4119,2020-07-09,16.00.04,12,5,80,9,
4120,2020-07-09,18.00.04,14,5,64,2,
4121,2020-07-09,20.00.04,13,1,73,5,
4122,2020-07-09,22.00.04,11,4,80,7,
4123,2020-07-10,00.00.04,10,0,86,4,
4124,2020-07-10,02.00.04,9,8,87,5,
4125,2020-07-10,04.00.04,9,0,91,5,
4126,2020-07-10,06.00.04,9,5,92,2,
4127,2020-07-10,08.00.04,11,7,86,2,
4128,2020-07-10,10.00.04,15,0,73,8,
4129,2020-07-10,12.00.04,15,9,65,0,
4130,2020-07-10,14.00.04,13,8,75,9,
4131,2020-07-10,16.00.04,17,1,65,0,
4132,2020-07-10,18.00.04,17,4,59,2,
4133,2020-07-10,20.00.04,15,9,61,4,
4134,2020-07-10,22.00.04,13,2,77,0,
4135,2020-07-11,00.00.04,9,5,84,1,
4136,2020-07-11,02.00.04,7,1,87,5,
4137,2020-07-11,04.00.04,6,6,88,7,
4138,2020-07-11,06.00.04,7,0,90,3,
4139,2020-07-11,08.00.04,10,9,88,9,
4140,2020-07-11,10.00.04,13,1,81,6,
4141,2020-07-11,12.00.04,14,5,78,4,
4142,2020-07-11,14.00.04,13,9,78,7,
4143,2020-07-11,16.00.04,17,0,72,0,
4144,2020-07-11,18.00.04,16,8,72,6,
4145,2020-07-11,20.00.04,13,8,75,0,
4146,2020-07-11,22.00.04,12,7,82,9,
4147,2020-07-12,00.00.04,12,2,83,0,
4148,2020-07-12,02.00.04,9,4,87,0,
4149,2020-07-12,04.00.04,8,8,90,8,
4150,2020-07-12,06.00.04,7,9,92,3,
4151,2020-07-12,08.00.04,12,0,89,9,
4152,2020-07-12,10.00.04,17,6,62,5,
4153,2020-07-12,12.00.04,17,9,56,1,
4154,2020-07-12,14.00.04,19,4,50,3,
4155,2020-07-12,16.00.04,13,3,81,2,
4156,2020-07-12,18.00.04,13,7,85,5,
4157,2020-07-12,20.00.04,14,3,79,3,
4158,2020-07-12,22.00.04,12,0,85,4,
4159,2020-07-13,00.00.04,8,9,87,9,
4160,2020-07-13,02.00.04,8,0,91,5,
4161,2020-07-13,04.00.04,6,9,91,4,
4162,2020-07-13,06.00.04,8,1,92,6,
4163,2020-07-13,08.00.04,10,8,89,9,
4164,2020-07-13,10.00.04,15,1,68,5,
4165,2020-07-13,12.00.04,18,1,57,3,
4166,2020-07-13,14.00.04,13,4,71,5,
4167,2020-07-13,16.00.04,14,2,72,5,
4168,2020-07-13,18.00.04,13,0,80,2,
4169,2020-07-13,20.00.04,14,0,71,6,
4170,2020-07-13,22.00.04,11,4,81,0,
4171,2020-07-14,00.00.04,9,1,85,3,
4172,2020-07-14,02.00.04,7,8,88,0,
4173,2020-07-14,04.00.04,6,6,90,3,
4174,2020-07-14,06.00.04,8,7,90,3,
4175,2020-07-14,08.00.04,12,2,82,7,
4176,2020-07-14,10.00.04,14,6,76,6,
4177,2020-07-14,12.00.04,17,5,63,6,
4178,2020-07-14,14.00.04,18,2,59,4,
4179,2020-07-14,16.00.04,17,3,70,3,
4180,2020-07-14,18.00.04,17,5,67,4,
4181,2020-07-14,20.00.04,16,2,61,2,
4182,2020-07-14,22.00.04,12,6,74,4,
4183,2020-07-15,00.00.04,8,6,82,5,
4184,2020-07-15,02.00.04,8,4,86,6,
4185,2020-07-15,04.00.04,8,8,86,3,
4186,2020-07-15,06.00.04,9,2,87,7,
4187,2020-07-15,08.00.04,12,8,83,1,
4188,2020-07-15,10.00.04,19,3,52,9,
4189,2020-07-15,12.00.04,20,1,54,1,
4190,2020-07-15,14.00.04,22,3,47,3,
4191,2020-07-15,16.00.04,20,1,53,4,
4192,2020-07-15,18.00.04,19,6,60,3,
4193,2020-07-15,20.00.04,19,1,55,0,
4194,2020-07-15,22.00.04,14,4,75,5,
4195,2020-07-16,00.00.04,11,1,83,2,
4196,2020-07-16,02.00.04,8,9,85,4,
4197,2020-07-16,04.00.04,8,2,87,8,
4198,2020-07-16,06.00.04,8,6,89,2,
4199,2020-07-16,08.00.04,11,6,88,3,
4200,2020-07-16,10.00.04,18,0,74,6,
4201,2020-07-16,12.00.04,22,6,48,7,
4202,2020-07-16,14.00.04,21,8,53,1,
4203,2020-07-16,16.00.04,24,0,45,5,
4204,2020-07-16,18.00.04,21,5,57,9,
4205,2020-07-16,20.00.04,19,5,69,8,
4206,2020-07-16,22.00.04,18,2,72,3,
4207,2020-07-17,00.00.04,13,2,81,8,
4208,2020-07-17,02.00.04,10,4,86,0,
4209,2020-07-17,04.00.04,8,9,87,4,
4210,2020-07-17,06.00.04,8,9,90,3,
4211,2020-07-17,08.00.04,14,0,88,8,
4212,2020-07-17,10.00.04,21,0,67,4,
4213,2020-07-17,12.00.04,24,0,53,3,
4214,2020-07-17,14.00.04,24,8,51,4,
4215,2020-07-17,16.00.04,25,4,48,3,
4216,2020-07-17,18.00.04,24,8,47,3,
4217,2020-07-17,20.00.04,22,5,52,6,
4218,2020-07-17,22.00.04,19,0,69,2,
4219,2020-07-18,00.00.04,13,8,80,1,
4220,2020-07-18,02.00.04,12,9,83,9,
4221,2020-07-18,04.00.04,13,0,81,6,
4222,2020-07-18,06.00.04,13,9,81,5,
4223,2020-07-18,08.00.04,16,1,79,1,
4224,2020-07-18,10.00.04,22,0,59,9,
4225,2020-07-18,12.00.04,24,3,55,1,
4226,2020-07-18,14.00.04,24,8,54,5,
4227,2020-07-18,16.00.04,25,4,46,7,
4228,2020-07-18,18.00.04,25,0,45,2,
4229,2020-07-18,20.00.04,22,1,60,3,
4230,2020-07-18,22.00.04,19,3,69,0,
4231,2020-07-19,00.00.04,14,8,80,7,
4232,2020-07-19,02.00.04,11,9,84,9,
4233,2020-07-19,04.00.04,10,6,87,3,
4234,2020-07-19,06.00.04,13,9,90,0,
4235,2020-07-19,08.00.04,17,3,77,6,
4236,2020-07-19,10.00.04,21,6,66,7,
4237,2020-07-19,12.00.04,24,5,55,4,
4238,2020-07-19,14.00.04,25,8,51,3,
4239,2020-07-19,16.00.04,25,3,52,2,
4240,2020-07-19,18.00.04,24,9,53,4,
4241,2020-07-19,20.00.04,23,7,57,8,
4242,2020-07-19,22.00.04,19,6,73,9,
4243,2020-07-20,00.00.04,15,6,82,0,
4244,2020-07-20,02.00.04,13,4,84,8,
4245,2020-07-20,04.00.04,13,4,86,5,
4246,2020-07-20,06.00.04,14,9,88,9,
4247,2020-07-20,08.00.04,17,2,83,7,
4248,2020-07-20,10.00.04,20,0,67,2,
4249,2020-07-20,12.00.04,24,0,53,5,
4250,2020-07-20,14.00.04,23,9,51,6,
4251,2020-07-20,16.00.04,25,7,49,8,
4252,2020-07-20,18.00.04,22,6,59,8,
4253,2020-07-20,20.00.04,20,7,68,3,
4254,2020-07-20,22.00.04,19,0,76,1,
4255,2020-07-21,00.00.04,17,8,78,2,
4256,2020-07-21,02.00.04,18,4,77,3,
4257,2020-07-21,04.00.04,15,5,83,0,
4258,2020-07-21,06.00.04,13,7,86,5,
4259,2020-07-21,08.00.04,17,5,81,0,
4260,2020-07-21,10.00.04,20,2,73,7,
4261,2020-07-21,12.00.04,21,5,64,4,
4262,2020-07-21,14.00.04,16,6,90,0,
4263,2020-07-21,16.00.04,20,1,74,1,
4264,2020-07-21,18.00.04,19,1,75,4,
4265,2020-07-21,20.00.04,18,7,71,8,
4266,2020-07-21,22.00.04,15,3,78,7,
4267,2020-07-22,00.00.04,13,3,84,5,
4268,2020-07-22,02.00.04,11,7,87,3,
4269,2020-07-22,04.00.04,10,5,91,2,
4270,2020-07-22,06.00.04,11,8,91,7,
4271,2020-07-22,08.00.04,12,8,89,5,
4272,2020-07-22,10.00.04,14,4,90,8,
4273,2020-07-22,12.00.04,14,2,82,7,
4274,2020-07-22,14.00.04,15,4,65,6,
4275,2020-07-22,16.00.04,14,7,69,5,
4276,2020-07-22,18.00.04,14,5,70,3,
4277,2020-07-22,20.00.04,13,5,79,7,
4278,2020-07-22,22.00.04,11,9,83,6,
4279,2020-07-23,00.00.04,11,6,84,9,
4280,2020-07-23,02.00.04,11,5,85,5,
4281,2020-07-23,04.00.04,11,2,87,0,
4282,2020-07-23,06.00.04,11,1,88,2,
4283,2020-07-23,08.00.04,11,4,85,2,
4284,2020-07-23,10.00.04,12,3,82,2,
4285,2020-07-23,12.00.04,12,4,82,2,
4286,2020-07-23,14.00.04,13,8,79,2,
4287,2020-07-23,16.00.04,13,1,77,1,
4288,2020-07-23,18.00.04,12,8,76,0,
4289,2020-07-23,20.00.04,12,4,79,0,
4290,2020-07-23,22.00.04,10,5,84,4,
4291,2020-07-24,00.00.04,10,1,86,2,
4292,2020-07-24,02.00.04,9,7,89,1,
4293,2020-07-24,04.00.04,8,6,89,3,
4294,2020-07-24,06.00.04,9,9,86,7,
4295,2020-07-24,08.00.04,10,1,85,5,
4296,2020-07-24,10.00.04,10,6,83,4,
4297,2020-07-24,12.00.04,10,7,86,2,
4298,2020-07-24,14.00.04,10,2,89,1,
4299,2020-07-24,16.00.04,11,5,87,7,
4300,2020-07-24,18.00.04,10,6,89,5,
4301,2020-07-24,20.00.04,11,1,88,6,
4302,2020-07-24,22.00.04,10,2,89,2,
4303,2020-07-25,00.00.04,10,0,89,8,
4304,2020-07-25,02.00.04,10,2,90,1,
4305,2020-07-25,04.00.04,10,6,90,3,
4306,2020-07-25,06.00.04,11,3,92,5,
4307,2020-07-25,08.00.04,12,6,86,7,
4308,2020-07-25,10.00.04,14,5,81,6,
4309,2020-07-25,12.00.04,15,6,76,9,
4310,2020-07-25,14.00.04,17,6,69,5,
4311,2020-07-25,16.00.04,16,6,72,9,
4312,2020-07-25,18.00.04,18,0,62,1,
4313,2020-07-25,20.00.04,15,4,72,7,
4314,2020-07-25,22.00.04,13,9,80,5,
4315,2020-07-26,00.00.04,9,5,85,3,
4316,2020-07-26,02.00.04,6,9,88,1,
4317,2020-07-26,04.00.04,5,3,88,9,
4318,2020-07-26,06.00.04,4,5,90,6,
4319,2020-07-26,08.00.04,11,5,93,8,
4320,2020-07-26,10.00.04,17,3,74,4,
4321,2020-07-26,12.00.04,20,1,65,6,
4322,2020-07-26,14.00.04,22,2,60,7,
4323,2020-07-26,16.00.04,19,6,65,7,
4324,2020-07-26,18.00.04,22,1,48,2,
4325,2020-07-26,20.00.04,18,9,61,2,
4326,2020-07-26,22.00.04,15,3,74,1,
4327,2020-07-27,00.00.04,10,9,83,5,
4328,2020-07-27,02.00.04,8,9,86,4,
4329,2020-07-27,04.00.04,10,2,87,4,
4330,2020-07-27,06.00.04,9,6,86,8,
4331,2020-07-27,08.00.04,15,5,73,4,
4332,2020-07-27,10.00.04,19,1,61,0,
4333,2020-07-27,12.00.04,22,1,53,4,
4334,2020-07-27,14.00.04,23,3,42,2,
4335,2020-07-27,16.00.04,22,5,46,7,
4336,2020-07-27,18.00.04,21,3,54,7,
4337,2020-07-27,20.00.04,20,2,58,5,
4338,2020-07-27,22.00.04,18,3,69,2,
4339,2020-07-28,00.00.04,17,9,69,2,
4340,2020-07-28,02.00.04,15,7,86,7,
4341,2020-07-28,04.00.04,15,0,88,2,
4342,2020-07-28,06.00.04,14,3,90,5,
4343,2020-07-28,08.00.04,15,1,92,1,
4344,2020-07-28,10.00.04,15,3,92,8,
4345,2020-07-28,12.00.04,17,6,91,1,
4346,2020-07-28,14.00.04,17,7,87,8,
4347,2020-07-28,16.00.04,17,8,86,0,
4348,2020-07-28,18.00.04,18,5,83,4,
4349,2020-07-28,20.00.04,16,6,89,5,
4350,2020-07-28,22.00.04,16,1,92,8,
4351,2020-07-29,00.00.04,15,6,93,4,
4352,2020-07-29,02.00.04,15,9,93,7,
4353,2020-07-29,04.00.04,15,5,93,7,
4354,2020-07-29,06.00.04,15,3,93,5,
4355,2020-07-29,08.00.04,15,8,92,2,
4356,2020-07-29,10.00.04,16,4,87,9,
4357,2020-07-29,12.00.04,17,1,85,5,
4358,2020-07-29,14.00.04,16,6,89,9,
4359,2020-07-29,16.00.04,16,2,92,5,
4360,2020-07-29,18.00.04,16,1,89,7,
4361,2020-07-29,20.00.04,12,9,88,5,
4362,2020-07-29,22.00.04,12,9,89,2,
4363,2020-07-30,00.00.04,12,5,90,9,
4364,2020-07-30,02.00.04,10,7,92,1,
4365,2020-07-30,04.00.04,10,3,94,2,
4366,2020-07-30,06.00.04,11,5,94,8,
4367,2020-07-30,08.00.04,12,7,94,0,
4368,2020-07-30,10.00.04,15,7,82,9,
4369,2020-07-30,12.00.04,16,6,78,9,
4370,2020-07-30,14.00.04,18,3,69,4,
4371,2020-07-30,16.00.04,19,5,61,8,
4372,2020-07-30,18.00.04,17,3,80,4,
4373,2020-07-30,20.00.04,16,8,79,5,
4374,2020-07-30,22.00.04,13,3,92,3,
4375,2020-07-31,00.00.04,11,9,93,5,
4376,2020-07-31,02.00.04,11,0,94,3,
4377,2020-07-31,04.00.04,11,9,94,7,
4378,2020-07-31,06.00.04,12,6,94,8,
4379,2020-07-31,08.00.04,13,0,94,9,
4380,2020-07-31,10.00.04,15,4,88,6,
4381,2020-07-31,12.00.04,18,3,74,7,
4382,2020-07-31,14.00.04,20,8,55,9,
4383,2020-07-31,16.00.04,19,5,61,0,
4384,2020-07-31,18.00.04,20,7,62,2,
4385,2020-07-31,20.00.04,17,9,67,7,
4386,2020-07-31,22.00.04,14,2,78,7,
4387,2020-08-01,00.00.04,10,3,85,8,
4388,2020-08-01,02.00.04,8,7,88,7,
4389,2020-08-01,04.00.04,6,0,89,2,
4390,2020-08-01,06.00.04,5,1,90,8,
4391,2020-08-01,08.00.04,10,2,93,6,
4392,2020-08-01,10.00.04,16,3,74,5,
4393,2020-08-01,12.00.04,19,1,63,3,
4394,2020-08-01,14.00.04,21,1,55,0,
4395,2020-08-01,16.00.04,20,9,54,0,
4396,2020-08-01,18.00.04,21,0,54,7,
4397,2020-08-01,20.00.04,18,0,70,7,
4398,2020-08-01,22.00.04,14,9,80,4,
4399,2020-08-02,00.00.04,12,6,85,0,
4400,2020-08-02,02.00.04,10,5,87,2,
4401,2020-08-02,04.00.04,8,8,89,6,
4402,2020-08-02,06.00.04,8,5,91,0,
4403,2020-08-02,08.00.04,12,0,93,5,
4404,2020-08-02,10.00.04,14,5,87,3,
4405,2020-08-02,12.00.04,16,0,80,6,
4406,2020-08-02,14.00.04,14,9,91,8,
4407,2020-08-02,16.00.04,15,9,89,4,
4408,2020-08-02,18.00.04,16,4,88,8,
4409,2020-08-02,20.00.04,16,3,91,2,
4410,2020-08-02,22.00.04,15,8,91,7,
4411,2020-08-03,00.00.04,15,3,93,4,
4412,2020-08-03,02.00.04,14,8,93,9,
4413,2020-08-03,04.00.04,13,8,93,7,
4414,2020-08-03,06.00.04,13,3,93,7,
4415,2020-08-03,08.00.04,14,3,93,5,
4416,2020-08-03,10.00.04,15,6,89,2,
4417,2020-08-03,12.00.04,17,6,82,6,
4418,2020-08-03,14.00.04,17,6,85,9,
4419,2020-08-03,16.00.04,17,3,88,1,
4420,2020-08-03,18.00.04,18,5,82,9,
4421,2020-08-03,20.00.04,15,8,86,5,
4422,2020-08-03,22.00.04,14,3,88,5,
4423,2020-08-04,00.00.04,10,7,89,6,
4424,2020-08-04,02.00.04,12,0,90,0,
4425,2020-08-04,04.00.04,11,7,92,2,
4426,2020-08-04,06.00.04,11,6,93,2,
4427,2020-08-04,08.00.04,13,4,90,7,
4428,2020-08-04,10.00.04,16,4,82,6,
4429,2020-08-04,12.00.04,20,5,68,9,
4430,2020-08-04,14.00.04,20,6,61,8,
4431,2020-08-04,16.00.04,21,3,57,8,
4432,2020-08-04,18.00.04,19,4,69,8,
4433,2020-08-04,20.00.04,18,1,70,7,
4434,2020-08-04,22.00.04,15,4,77,5,
4435,2020-08-05,00.00.04,11,5,86,0,
4436,2020-08-05,02.00.04,10,3,90,3,
4437,2020-08-05,04.00.04,8,0,88,5,
4438,2020-08-05,06.00.04,6,8,91,8,
4439,2020-08-05,08.00.04,11,7,94,3,
4440,2020-08-05,10.00.04,16,5,75,5,
4441,2020-08-05,12.00.04,19,2,61,8,
4442,2020-08-05,14.00.04,20,8,53,1,
4443,2020-08-05,16.00.04,21,1,51,9,
4444,2020-08-05,18.00.04,19,1,64,2,
4445,2020-08-05,20.00.04,18,1,66,0,
4446,2020-08-05,22.00.04,15,9,76,1,
4447,2020-08-06,00.00.04,12,2,79,8,
4448,2020-08-06,02.00.04,10,8,85,1,
4449,2020-08-06,04.00.04,11,7,85,6,
4450,2020-08-06,06.00.04,12,1,86,8,
4451,2020-08-06,08.00.04,13,3,87,6,
4452,2020-08-06,10.00.04,16,1,81,1,
4453,2020-08-06,12.00.04,17,6,79,3,
4454,2020-08-06,14.00.04,18,3,79,1,
4455,2020-08-06,16.00.04,18,9,78,4,
4456,2020-08-06,18.00.04,18,2,81,5,
4457,2020-08-06,20.00.04,17,9,82,5,
4458,2020-08-06,22.00.04,16,8,86,3,
4459,2020-08-07,00.00.04,15,9,88,8,
4460,2020-08-07,02.00.04,12,3,88,5,
4461,2020-08-07,04.00.04,10,6,90,2,
4462,2020-08-07,06.00.04,10,2,92,0,
4463,2020-08-07,08.00.04,14,0,93,7,
4464,2020-08-07,10.00.04,20,7,76,9,
4465,2020-08-07,12.00.04,22,0,71,7,
4466,2020-08-07,14.00.04,24,6,60,5,
4467,2020-08-07,16.00.04,25,1,60,8,
4468,2020-08-07,18.00.04,24,5,62,5,
4469,2020-08-07,20.00.04,22,5,72,5,
4470,2020-08-07,22.00.04,18,5,82,3,
4471,2020-08-08,00.00.04,15,3,85,3,
4472,2020-08-08,02.00.04,13,4,88,3,
4473,2020-08-08,04.00.04,11,2,88,9,
4474,2020-08-08,06.00.04,10,7,91,4,
4475,2020-08-08,08.00.04,15,1,93,2,
4476,2020-08-08,10.00.04,22,3,68,2,
4477,2020-08-08,12.00.04,26,1,50,3,
4478,2020-08-08,14.00.04,27,0,47,1,
4479,2020-08-08,16.00.04,27,1,47,2,
4480,2020-08-08,18.00.04,26,5,51,5,
4481,2020-08-08,20.00.04,23,2,68,3,
4482,2020-08-08,22.00.04,19,4,76,2,
4483,2020-08-09,00.00.04,17,2,80,5,
4484,2020-08-09,02.00.04,15,9,81,8,
4485,2020-08-09,04.00.04,15,0,82,2,
4486,2020-08-09,06.00.04,15,5,81,8,
4487,2020-08-09,08.00.04,17,8,80,5,
4488,2020-08-09,10.00.04,22,0,71,3,
4489,2020-08-09,12.00.04,25,0,63,3,
4490,2020-08-09,14.00.04,25,9,62,6,
4491,2020-08-09,16.00.04,25,7,58,8,
4492,2020-08-09,18.00.04,23,6,61,8,
4493,2020-08-09,20.00.04,20,7,66,2,
4494,2020-08-09,22.00.04,17,0,68,3,
4495,2020-08-10,00.00.04,13,2,75,5,
4496,2020-08-10,02.00.04,11,3,80,7,
4497,2020-08-10,04.00.04,10,7,83,8,
4498,2020-08-10,06.00.04,9,9,87,1,
4499,2020-08-10,08.00.04,12,0,86,4,
4500,2020-08-10,10.00.04,17,1,69,8,
4501,2020-08-10,12.00.04,20,7,56,5,
4502,2020-08-10,14.00.04,21,0,52,8,
4503,2020-08-10,16.00.04,20,8,50,1,
4504,2020-08-10,18.00.04,18,8,57,9,
4505,2020-08-10,20.00.04,16,9,58,7,
4506,2020-08-10,22.00.04,13,2,69,6,
4507,2020-08-11,00.00.04,9,8,80,8,
4508,2020-08-11,02.00.04,8,7,85,3,
4509,2020-08-11,04.00.04,7,9,89,6,
4510,2020-08-11,06.00.04,7,5,91,7,
4511,2020-08-11,08.00.04,9,6,89,8,
4512,2020-08-11,10.00.04,15,3,70,7,
4513,2020-08-11,12.00.04,17,7,51,1,
4514,2020-08-11,14.00.04,18,5,53,3,
4515,2020-08-11,16.00.04,18,5,52,5,
4516,2020-08-11,18.00.04,16,9,54,8,
4517,2020-08-11,20.00.04,15,8,62,8,
4518,2020-08-11,22.00.04,13,4,73,2,
4519,2020-08-12,00.00.04,11,3,78,7,
4520,2020-08-12,02.00.04,9,4,82,9,
4521,2020-08-12,04.00.04,7,5,85,8,
4522,2020-08-12,06.00.04,6,5,88,8,
4523,2020-08-12,08.00.04,8,9,88,2,
4524,2020-08-12,10.00.04,13,9,64,0,
4525,2020-08-12,12.00.04,17,6,52,5,
4526,2020-08-12,14.00.04,17,2,56,0,
4527,2020-08-12,16.00.04,16,8,59,6,
4528,2020-08-12,18.00.04,16,6,60,9,
4529,2020-08-12,20.00.04,13,7,82,1,
4530,2020-08-12,22.00.04,11,1,89,2,
4531,2020-08-13,00.00.04,9,9,88,9,
4532,2020-08-13,02.00.04,8,2,91,2,
4533,2020-08-13,04.00.04,6,2,92,4,
4534,2020-08-13,06.00.04,4,6,92,1,
4535,2020-08-13,08.00.04,8,7,94,0,
4536,2020-08-13,10.00.04,15,1,78,0,
4537,2020-08-13,12.00.04,17,7,59,2,
4538,2020-08-13,14.00.04,19,2,50,9,
4539,2020-08-13,16.00.04,18,9,49,3,
4540,2020-08-13,18.00.04,18,8,51,9,
4541,2020-08-13,20.00.04,16,0,61,8,
4542,2020-08-13,22.00.04,10,8,79,1,
4543,2020-08-14,00.00.04,7,8,86,1,
4544,2020-08-14,02.00.04,5,5,88,0,
4545,2020-08-14,04.00.04,6,8,92,1,
4546,2020-08-14,06.00.04,8,3,93,4,
4547,2020-08-14,08.00.04,11,5,86,7,
4548,2020-08-14,10.00.04,17,4,62,5,
4549,2020-08-14,12.00.04,20,2,57,4,
4550,2020-08-14,14.00.04,20,6,58,2,
4551,2020-08-14,16.00.04,19,6,63,6,
4552,2020-08-14,18.00.04,18,5,69,1,
4553,2020-08-14,20.00.04,17,9,78,0,
4554,2020-08-14,22.00.04,16,3,84,0,
4555,2020-08-15,00.00.04,14,6,87,7,
4556,2020-08-15,02.00.04,15,8,85,9,
4557,2020-08-15,04.00.04,16,1,86,7,
4558,2020-08-15,06.00.04,14,2,88,2,
4559,2020-08-15,08.00.04,16,2,88,3,
4560,2020-08-15,10.00.04,20,1,71,2,
4561,2020-08-15,12.00.04,22,5,62,9,
4562,2020-08-15,14.00.04,23,3,61,0,
4563,2020-08-15,16.00.04,24,6,54,6,
4564,2020-08-15,18.00.04,23,0,58,9,
4565,2020-08-15,20.00.04,21,6,66,6,
4566,2020-08-15,22.00.04,18,3,78,6,
4567,2020-08-16,00.00.04,15,6,83,7,
4568,2020-08-16,02.00.04,15,4,83,7,
4569,2020-08-16,04.00.04,14,7,83,5,
4570,2020-08-16,06.00.04,14,1,87,6,
4571,2020-08-16,08.00.04,15,7,82,6,
4572,2020-08-16,10.00.04,17,9,72,8,
4573,2020-08-16,12.00.04,21,3,56,2,
4574,2020-08-16,14.00.04,21,8,51,0,
4575,2020-08-16,16.00.04,22,0,50,4,
4576,2020-08-16,18.00.04,20,1,45,6,
4577,2020-08-16,20.00.04,16,7,57,6,
4578,2020-08-16,22.00.04,12,8,62,5,
4579,2020-08-17,00.00.04,7,8,79,8,
4580,2020-08-17,02.00.04,5,0,85,7,
4581,2020-08-17,04.00.04,3,6,88,0,
4582,2020-08-17,06.00.04,3,4,90,8,
4583,2020-08-17,08.00.04,9,4,93,9,
4584,2020-08-17,10.00.04,14,9,73,3,
4585,2020-08-17,12.00.04,19,0,51,1,
4586,2020-08-17,14.00.04,19,5,48,6,
4587,2020-08-17,16.00.04,19,4,48,4,
4588,2020-08-17,18.00.04,18,1,53,7,
4589,2020-08-17,20.00.04,15,4,62,0,
4590,2020-08-17,22.00.04,9,7,77,0,
4591,2020-08-18,00.00.04,6,3,83,9,
4592,2020-08-18,02.00.04,4,2,86,7,
4593,2020-08-18,04.00.04,2,8,87,9,
4594,2020-08-18,06.00.04,1,7,89,5,
4595,2020-08-18,08.00.04,5,2,93,2,
4596,2020-08-18,10.00.04,16,1,67,5,
4597,2020-08-18,12.00.04,20,9,45,0,
4598,2020-08-18,14.00.04,21,9,42,5,
4599,2020-08-18,16.00.04,22,9,36,1,
4600,2020-08-18,18.00.04,21,7,35,0,
4601,2020-08-18,20.00.04,19,0,52,5,
4602,2020-08-18,22.00.04,14,2,67,9,
4603,2020-08-19,00.00.04,10,6,83,5,
4604,2020-08-19,02.00.04,10,7,82,6,
4605,2020-08-19,04.00.04,9,6,86,8,
4606,2020-08-19,06.00.04,9,7,85,6,
4607,2020-08-19,08.00.04,10,6,88,3,
4608,2020-08-19,10.00.04,19,8,72,7,
4609,2020-08-19,12.00.04,24,2,57,9,
4610,2020-08-19,14.00.04,22,9,58,2,
4611,2020-08-19,16.00.04,25,0,50,9,
4612,2020-08-19,18.00.04,24,7,50,8,
4613,2020-08-19,20.00.04,21,7,65,1,
4614,2020-08-19,22.00.04,17,3,74,2,
4615,2020-08-20,00.00.04,15,1,83,2,
4616,2020-08-20,02.00.04,15,3,84,3,
4617,2020-08-20,04.00.04,14,3,84,7,
4618,2020-08-20,06.00.04,11,3,88,1,
4619,2020-08-20,08.00.04,14,4,82,3,
4620,2020-08-20,10.00.04,20,2,63,3,
4621,2020-08-20,12.00.04,23,9,58,1,
4622,2020-08-20,14.00.04,24,7,52,8,
4623,2020-08-20,16.00.04,25,3,46,4,
4624,2020-08-20,18.00.04,20,7,63,2,
4625,2020-08-20,20.00.04,21,6,53,5,
4626,2020-08-20,22.00.04,15,1,75,1,
4627,2020-08-21,00.00.04,12,2,82,4,
4628,2020-08-21,02.00.04,11,2,84,1,
4629,2020-08-21,04.00.04,10,8,88,6,
4630,2020-08-21,06.00.04,9,1,88,0,
4631,2020-08-21,08.00.04,11,2,91,3,
4632,2020-08-21,10.00.04,19,8,68,8,
4633,2020-08-21,12.00.04,24,1,55,2,
4634,2020-08-21,14.00.04,24,3,51,0,
4635,2020-08-21,16.00.04,24,4,48,3,
4636,2020-08-21,18.00.04,24,2,52,1,
4637,2020-08-21,20.00.04,21,1,59,8,
4638,2020-08-21,22.00.04,18,6,66,6,
4639,2020-08-22,00.00.04,17,5,73,0,
4640,2020-08-22,02.00.04,17,2,75,1,
4641,2020-08-22,04.00.04,16,4,79,8,
4642,2020-08-22,06.00.04,16,6,81,2,
4643,2020-08-22,08.00.04,15,8,90,9,
4644,2020-08-22,10.00.04,16,8,90,7,
4645,2020-08-22,12.00.04,17,3,89,2,
4646,2020-08-22,14.00.04,17,5,88,3,
4647,2020-08-22,16.00.04,17,1,90,2,
4648,2020-08-22,18.00.04,17,0,91,8,
4649,2020-08-22,20.00.04,17,0,91,4,
4650,2020-08-22,22.00.04,16,9,91,9,
4651,2020-08-23,00.00.04,16,9,92,8,
4652,2020-08-23,02.00.04,17,2,92,9,
4653,2020-08-23,04.00.04,16,8,92,4,
4654,2020-08-23,06.00.04,16,4,92,5,
4655,2020-08-23,08.00.04,16,4,89,9,
4656,2020-08-23,10.00.04,16,9,84,2,
4657,2020-08-23,12.00.04,20,1,64,5,
4658,2020-08-23,14.00.04,19,8,63,4,
4659,2020-08-23,16.00.04,19,9,67,9,
4660,2020-08-23,18.00.04,17,9,78,9,
4661,2020-08-23,20.00.04,15,4,87,8,
4662,2020-08-23,22.00.04,14,1,89,5,
4663,2020-08-24,00.00.04,13,3,91,2,
4664,2020-08-24,02.00.04,12,9,91,6,
4665,2020-08-24,04.00.04,13,1,92,7,
4666,2020-08-24,06.00.04,13,7,92,8,
4667,2020-08-24,08.00.04,14,2,91,4,
4668,2020-08-24,10.00.04,16,3,86,7,
4669,2020-08-24,12.00.04,14,1,92,8,
4670,2020-08-24,14.00.04,17,6,78,2,
4671,2020-08-24,16.00.04,17,2,70,1,
4672,2020-08-24,18.00.04,15,8,66,8,
4673,2020-08-24,20.00.04,13,1,74,4,
4674,2020-08-24,22.00.04,9,5,83,2,
4675,2020-08-25,00.00.04,5,3,87,8,
4676,2020-08-25,02.00.04,3,3,89,4,
4677,2020-08-25,04.00.04,2,1,92,2,
4678,2020-08-25,06.00.04,2,1,93,0,
4679,2020-08-25,08.00.04,7,4,94,8,
4680,2020-08-25,10.00.04,13,4,74,6,
4681,2020-08-25,12.00.04,16,4,54,8,
4682,2020-08-25,14.00.04,16,1,55,7,
4683,2020-08-25,16.00.04,17,1,53,5,
4684,2020-08-25,18.00.04,16,2,56,7,
4685,2020-08-25,20.00.04,13,2,78,3,
4686,2020-08-25,22.00.04,12,2,85,2,
4687,2020-08-26,00.00.04,7,9,86,0,
4688,2020-08-26,02.00.04,6,8,91,0,
4689,2020-08-26,04.00.04,3,3,89,9,
4690,2020-08-26,06.00.04,2,5,90,8,
4691,2020-08-26,08.00.04,6,3,94,6,
4692,2020-08-26,10.00.04,13,5,73,9,
4693,2020-08-26,12.00.04,17,6,53,2,
4694,2020-08-26,14.00.04,17,4,55,2,
4695,2020-08-26,16.00.04,15,5,61,3,
4696,2020-08-26,18.00.04,15,4,62,1,
4697,2020-08-26,20.00.04,13,3,65,1,
4698,2020-08-26,22.00.04,9,2,81,2,
4699,2020-08-27,00.00.04,7,0,86,8,
4700,2020-08-27,02.00.04,3,5,90,2,
4701,2020-08-27,04.00.04,2,8,90,2,
4702,2020-08-27,06.00.04,2,8,92,2,
4703,2020-08-27,08.00.04,5,2,94,3,
4704,2020-08-27,10.00.04,11,1,83,9,
4705,2020-08-27,12.00.04,16,2,60,5,
4706,2020-08-27,14.00.04,16,0,59,4,
4707,2020-08-27,16.00.04,16,1,55,1,
4708,2020-08-27,18.00.04,14,9,69,1,
4709,2020-08-27,20.00.04,12,1,77,7,
4710,2020-08-27,22.00.04,8,9,83,9,
4711,2020-08-28,00.00.04,6,3,87,4,
4712,2020-08-28,02.00.04,4,5,88,4,
4713,2020-08-28,04.00.04,4,9,90,7,
4714,2020-08-28,06.00.04,2,7,90,2,
4715,2020-08-28,08.00.04,4,1,93,1,
4716,2020-08-28,10.00.04,11,0,83,4,
4717,2020-08-28,12.00.04,16,1,53,4,
4718,2020-08-28,14.00.04,17,1,49,3,
4719,2020-08-28,16.00.04,15,9,52,7,
4720,2020-08-28,18.00.04,16,4,54,7,
4721,2020-08-28,20.00.04,12,2,76,8,
4722,2020-08-28,22.00.04,10,2,82,1,
4723,2020-08-29,00.00.04,6,6,86,3,
4724,2020-08-29,02.00.04,3,5,86,7,
4725,2020-08-29,04.00.04,2,4,88,7,
4726,2020-08-29,06.00.04,1,3,90,3,
4727,2020-08-29,08.00.04,2,6,92,5,
4728,2020-08-29,10.00.04,12,7,82,9,
4729,2020-08-29,12.00.04,17,3,61,3,
4730,2020-08-29,14.00.04,18,3,54,9,
4731,2020-08-29,16.00.04,16,7,55,4,
4732,2020-08-29,18.00.04,16,2,55,2,
4733,2020-08-29,20.00.04,13,9,70,9,
4734,2020-08-29,22.00.04,10,1,82,7,
4735,2020-08-30,00.00.04,10,3,84,6,
4736,2020-08-30,02.00.04,9,7,87,0,
4737,2020-08-30,04.00.04,9,2,87,9,
4738,2020-08-30,06.00.04,8,9,89,2,
4739,2020-08-30,08.00.04,10,0,89,7,
4740,2020-08-30,10.00.04,11,5,86,7,
4741,2020-08-30,12.00.04,13,3,82,9,
4742,2020-08-30,14.00.04,12,5,89,9,
4743,2020-08-30,16.00.04,13,0,89,8,
4744,2020-08-30,18.00.04,12,8,90,6,
4745,2020-08-30,20.00.04,11,8,92,5,
4746,2020-08-30,22.00.04,11,3,93,3,
4747,2020-08-31,00.00.04,10,6,93,6,
4748,2020-08-31,02.00.04,10,7,94,0,
4749,2020-08-31,04.00.04,10,5,94,2,
4750,2020-08-31,06.00.04,10,2,94,4,
4751,2020-08-31,08.00.04,10,4,94,4,
4752,2020-08-31,10.00.04,11,5,91,1,
4753,2020-08-31,12.00.04,16,0,70,7,
4754,2020-08-31,14.00.04,17,7,62,1,
4755,2020-08-31,16.00.04,16,9,59,6,
4756,2020-08-31,18.00.04,16,1,61,8,
4757,2020-08-31,20.00.04,12,9,76,2,
4758,2020-08-31,22.00.04,9,0,83,4,
4759,2020-09-01,00.00.04,7,8,87,5,
4760,2020-09-01,02.00.04,7,0,89,0,
4761,2020-09-01,04.00.04,6,3,91,0,
4762,2020-09-01,06.00.04,5,8,93,0,
4763,2020-09-01,08.00.04,8,3,94,4,
4764,2020-09-01,10.00.04,10,3,90,4,
4765,2020-09-01,12.00.04,16,9,70,2,
4766,2020-09-01,14.00.04,17,3,63,3,
4767,2020-09-01,16.00.04,17,3,58,2,
4768,2020-09-01,18.00.04,15,2,62,8,
4769,2020-09-01,20.00.04,12,2,73,2,
4770,2020-09-01,22.00.04,6,4,84,0,
4771,2020-09-02,00.00.04,4,2,86,6,
4772,2020-09-02,02.00.04,2,9,88,2,
4773,2020-09-02,04.00.04,2,5,89,1,
4774,2020-09-02,06.00.04,1,9,90,0,
4775,2020-09-02,08.00.04,3,5,93,1,
4776,2020-09-02,10.00.04,13,0,84,2,
4777,2020-09-02,12.00.04,18,6,56,5,
4778,2020-09-02,14.00.04,18,8,50,3,
4779,2020-09-02,16.00.04,18,3,51,2,
4780,2020-09-02,18.00.04,16,4,56,6,
4781,2020-09-02,20.00.04,13,3,70,6,
4782,2020-09-02,22.00.04,8,2,84,0,
4783,2020-09-03,00.00.04,7,6,86,3,
4784,2020-09-03,02.00.04,7,2,88,4,
4785,2020-09-03,04.00.04,8,4,89,5,
4786,2020-09-03,06.00.04,8,9,90,6,
4787,2020-09-03,08.00.04,10,9,91,1,
4788,2020-09-03,10.00.04,12,5,89,2,
4789,2020-09-03,12.00.04,13,7,86,9,
4790,2020-09-03,14.00.04,14,8,84,5,
4791,2020-09-03,16.00.04,15,0,85,0,
4792,2020-09-03,18.00.04,14,2,89,8,
4793,2020-09-03,20.00.04,14,2,90,9,
4794,2020-09-03,22.00.04,14,9,90,3,
4795,2020-09-04,00.00.04,15,2,89,6,
4796,2020-09-04,02.00.04,15,3,90,9,
4797,2020-09-04,04.00.04,15,3,88,9,
4798,2020-09-04,06.00.04,14,7,87,3,
4799,2020-09-04,08.00.04,13,9,88,0,
4800,2020-09-04,10.00.04,15,2,83,9,
4801,2020-09-04,12.00.04,17,3,78,7,
4802,2020-09-04,14.00.04,17,5,75,6,
4803,2020-09-04,16.00.04,18,5,75,6,
4804,2020-09-04,18.00.04,17,0,79,3,
4805,2020-09-04,20.00.04,13,1,87,7,
4806,2020-09-04,22.00.04,13,7,90,0,
4807,2020-09-05,00.00.04,13,7,92,2,
4808,2020-09-05,02.00.04,13,8,92,5,
4809,2020-09-05,04.00.04,13,8,93,1,
4810,2020-09-05,06.00.04,13,6,92,3,
4811,2020-09-05,08.00.04,14,0,91,2,
4812,2020-09-05,10.00.04,14,0,91,4,
4813,2020-09-05,12.00.04,15,2,81,5,
4814,2020-09-05,14.00.04,17,7,64,1,
4815,2020-09-05,16.00.04,16,3,69,5,
4816,2020-09-05,18.00.04,15,0,78,6,
4817,2020-09-05,20.00.04,14,2,81,4,
4818,2020-09-05,22.00.04,12,1,85,8,
4819,2020-09-06,00.00.04,11,2,88,9,
4820,2020-09-06,02.00.04,10,6,90,3,
4821,2020-09-06,04.00.04,10,0,91,6,
4822,2020-09-06,06.00.04,10,0,93,2,
4823,2020-09-06,08.00.04,10,7,91,8,
4824,2020-09-06,10.00.04,12,6,86,7,
4825,2020-09-06,12.00.04,15,3,77,8,
4826,2020-09-06,14.00.04,16,5,65,7,
4827,2020-09-06,16.00.04,15,8,69,0,
4828,2020-09-06,18.00.04,15,4,68,4,
4829,2020-09-06,20.00.04,12,1,88,0,
4830,2020-09-06,22.00.04,9,6,90,8,
4831,2020-09-07,00.00.04,9,4,92,6,
4832,2020-09-07,02.00.04,8,3,93,5,
4833,2020-09-07,04.00.04,5,8,92,8,
4834,2020-09-07,06.00.04,5,0,93,6,
4835,2020-09-07,08.00.04,7,8,95,7,
4836,2020-09-07,10.00.04,11,9,85,3,
4837,2020-09-07,12.00.04,16,9,67,9,
4838,2020-09-07,14.00.04,17,5,60,6,
4839,2020-09-07,16.00.04,16,1,65,3,
4840,2020-09-07,18.00.04,15,5,61,9,
4841,2020-09-07,20.00.04,11,7,79,4,
4842,2020-09-07,22.00.04,7,6,86,9,
4843,2020-09-08,00.00.04,6,5,89,9,
4844,2020-09-08,02.00.04,5,9,90,3,
4845,2020-09-08,04.00.04,7,2,94,2,
4846,2020-09-08,06.00.04,8,9,94,4,
4847,2020-09-08,08.00.04,9,8,92,2,
4848,2020-09-08,10.00.04,11,3,90,1,
4849,2020-09-08,12.00.04,12,7,83,5,
4850,2020-09-08,14.00.04,11,4,85,6,
4851,2020-09-08,16.00.04,12,1,85,6,
4852,2020-09-08,18.00.04,11,9,88,0,
4853,2020-09-08,20.00.04,11,5,91,6,
4854,2020-09-08,22.00.04,10,3,92,6,
4855,2020-09-09,00.00.04,9,3,93,6,
4856,2020-09-09,02.00.04,7,8,93,8,
4857,2020-09-09,04.00.04,7,5,94,7,
4858,2020-09-09,06.00.04,7,0,95,1,
4859,2020-09-09,08.00.04,3,5,94,2,
4860,2020-09-09,10.00.04,11,9,92,6,
4861,2020-09-09,12.00.04,15,1,77,4,
4862,2020-09-09,14.00.04,15,1,74,6,
4863,2020-09-09,16.00.04,14,7,79,5,
4864,2020-09-09,18.00.04,13,4,85,6,
4865,2020-09-09,20.00.04,10,1,92,1,
4866,2020-09-09,22.00.04,10,8,93,2,
4867,2020-09-10,00.00.04,10,2,94,1,
4868,2020-09-10,02.00.04,10,0,95,2,
4869,2020-09-10,04.00.04,9,9,95,7,
4870,2020-09-10,06.00.04,8,8,95,8,
4871,2020-09-10,08.00.04,8,3,96,1,
4872,2020-09-10,10.00.04,8,5,96,2,
4873,2020-09-10,12.00.04,9,3,95,6,
4874,2020-09-10,14.00.04,12,1,78,8,
4875,2020-09-10,16.00.04,12,4,71,4,
4876,2020-09-10,18.00.04,11,8,64,1,
4877,2020-09-10,20.00.04,10,3,75,9,
4878,2020-09-10,22.00.04,8,8,81,5,
4879,2020-09-11,00.00.04,8,1,83,7,
4880,2020-09-11,02.00.04,8,3,84,8,
4881,2020-09-11,04.00.04,6,9,87,8,
4882,2020-09-11,06.00.04,5,9,89,0,
4883,2020-09-11,08.00.04,6,8,92,8,
4884,2020-09-11,10.00.04,9,7,84,5,
4885,2020-09-11,12.00.04,11,3,78,3,
4886,2020-09-11,14.00.04,13,3,65,3,
4887,2020-09-11,16.00.04,13,7,60,6,
4888,2020-09-11,18.00.04,12,1,59,9,
4889,2020-09-11,20.00.04,8,1,80,8,
4890,2020-09-11,22.00.04,5,0,87,0,
4891,2020-09-12,00.00.04,7,4,86,1,
4892,2020-09-12,02.00.04,8,3,84,5,
4893,2020-09-12,04.00.04,8,9,87,0,
4894,2020-09-12,06.00.04,9,4,91,7,
4895,2020-09-12,08.00.04,10,3,90,4,
4896,2020-09-12,10.00.04,11,3,90,4,
4897,2020-09-12,12.00.04,13,1,85,1,
4898,2020-09-12,14.00.04,13,8,82,6,
4899,2020-09-12,16.00.04,13,6,84,6,
4900,2020-09-12,18.00.04,13,0,86,5,
4901,2020-09-12,20.00.04,12,4,87,9,
4902,2020-09-12,22.00.04,11,6,91,7,
4903,2020-09-13,00.00.04,11,1,93,4,
4904,2020-09-13,02.00.04,10,5,93,7,
4905,2020-09-13,04.00.04,9,9,89,5,
4906,2020-09-13,06.00.04,9,9,88,9,
4907,2020-09-13,08.00.04,10,0,87,5,
4908,2020-09-13,10.00.04,11,2,81,4,
4909,2020-09-13,12.00.04,14,7,65,5,
4910,2020-09-13,14.00.04,14,9,61,2,
4911,2020-09-13,16.00.04,15,3,60,4,
4912,2020-09-13,18.00.04,13,3,67,9,
4913,2020-09-13,20.00.04,10,8,77,3,
4914,2020-09-13,22.00.04,9,2,83,6,
4915,2020-09-14,00.00.04,7,1,89,0,
4916,2020-09-14,02.00.04,7,2,89,6,
4917,2020-09-14,04.00.04,5,3,92,5,
4918,2020-09-14,06.00.04,4,4,93,3,
4919,2020-09-14,08.00.04,4,6,95,0,
4920,2020-09-14,10.00.04,10,6,85,4,
4921,2020-09-14,12.00.04,15,2,62,6,
4922,2020-09-14,14.00.04,15,8,62,1,
4923,2020-09-14,16.00.04,15,6,56,9,
4924,2020-09-14,18.00.04,13,8,62,5,
4925,2020-09-14,20.00.04,10,7,75,4,
4926,2020-09-14,22.00.04,9,3,84,0,
4927,2020-09-15,00.00.04,7,9,87,7,
4928,2020-09-15,02.00.04,7,4,89,0,
4929,2020-09-15,04.00.04,6,0,90,9,
4930,2020-09-15,06.00.04,4,7,91,7,
4931,2020-09-15,08.00.04,3,0,91,9,
4932,2020-09-15,10.00.04,9,7,83,4,
4933,2020-09-15,12.00.04,14,8,61,8,
4934,2020-09-15,14.00.04,15,3,56,7,
4935,2020-09-15,16.00.04,15,6,59,6,
4936,2020-09-15,18.00.04,13,4,69,8,
4937,2020-09-15,20.00.04,9,4,81,3,
4938,2020-09-15,22.00.04,7,2,86,3,
4939,2020-09-16,00.00.04,6,5,89,0,
4940,2020-09-16,02.00.04,8,1,88,7,
4941,2020-09-16,04.00.04,8,4,92,3,
4942,2020-09-16,06.00.04,8,2,93,5,
4943,2020-09-16,08.00.04,9,1,94,4,
4944,2020-09-16,10.00.04,10,0,94,8,
4945,2020-09-16,12.00.04,11,7,95,1,
4946,2020-09-16,14.00.04,13,0,95,1,
4947,2020-09-16,16.00.04,13,8,93,5,
4948,2020-09-16,18.00.04,13,3,92,7,
4949,2020-09-16,20.00.04,11,5,92,7,
4950,2020-09-16,22.00.04,8,3,92,0,
4951,2020-09-17,00.00.04,7,0,92,6,
4952,2020-09-17,02.00.04,6,2,93,1,
4953,2020-09-17,04.00.04,5,1,93,7,
4954,2020-09-17,06.00.04,4,9,94,9,
4955,2020-09-17,08.00.04,5,4,94,6,
4956,2020-09-17,10.00.04,6,0,94,8,
4957,2020-09-17,12.00.04,6,9,93,9,
4958,2020-09-17,14.00.04,7,2,91,8,
4959,2020-09-17,16.00.04,8,2,84,8,
4960,2020-09-17,18.00.04,8,6,78,7,
4961,2020-09-17,20.00.04,8,2,78,2,
4962,2020-09-17,22.00.04,6,6,80,3,
4963,2020-09-18,00.00.04,5,5,86,2,
4964,2020-09-18,02.00.04,4,3,90,0,
4965,2020-09-18,04.00.04,3,1,93,2,
4966,2020-09-18,06.00.04,2,3,94,3,
4967,2020-09-18,08.00.04,3,0,95,2,
4968,2020-09-18,10.00.04,6,0,95,4,
4969,2020-09-18,12.00.04,11,3,71,5,
4970,2020-09-18,14.00.04,12,4,65,1,
4971,2020-09-18,16.00.04,14,7,71,4,
4972,2020-09-18,18.00.04,14,1,74,0,
4973,2020-09-18,20.00.04,11,8,81,9,
4974,2020-09-18,22.00.04,10,0,82,7,
4975,2020-09-19,00.00.04,8,9,82,3,
4976,2020-09-19,02.00.04,7,9,83,3,
4977,2020-09-19,04.00.04,6,7,85,3,
4978,2020-09-19,06.00.04,5,7,87,9,
4979,2020-09-19,08.00.04,6,1,87,7,
4980,2020-09-19,10.00.04,10,0,78,9,
4981,2020-09-19,12.00.04,13,0,65,6,
4982,2020-09-19,14.00.04,14,5,56,4,
4983,2020-09-19,16.00.04,12,7,59,6,
4984,2020-09-19,18.00.04,10,9,62,9,
4985,2020-09-19,20.00.04,7,2,77,4,
4986,2020-09-19,22.00.04,5,8,84,9,
4987,2020-09-20,00.00.04,5,6,88,1,
4988,2020-09-20,02.00.04,4,4,91,3,
4989,2020-09-20,04.00.04,3,0,93,7,
4990,2020-09-20,06.00.04,3,1,94,3,
4991,2020-09-20,08.00.04,2,8,95,1,
4992,2020-09-20,10.00.04,7,0,95,5,
4993,2020-09-20,12.00.04,12,2,70,3,
4994,2020-09-20,14.00.04,13,8,68,3,
4995,2020-09-20,16.00.04,13,6,68,5,
4996,2020-09-20,18.00.04,12,8,71,0,
4997,2020-09-20,20.00.04,11,3,80,2,
4998,2020-09-20,22.00.04,10,7,84,2,
4999,2020-09-21,00.00.04,9,8,86,6,
5000,2020-09-21,02.00.04,9,4,84,2,
5001,2020-09-21,04.00.04,7,5,83,2,
5002,2020-09-21,06.00.04,5,5,86,7,
5003,2020-09-21,08.00.04,5,5,88,1,
5004,2020-09-21,10.00.04,8,5,77,1,
5005,2020-09-21,12.00.04,12,4,63,0,
5006,2020-09-21,14.00.04,12,9,60,7,
5007,2020-09-21,16.00.04,13,0,69,7,
5008,2020-09-21,18.00.04,13,6,78,4,
5009,2020-09-21,20.00.04,13,2,81,5,
5010,2020-09-21,22.00.04,12,8,83,6,
5011,2020-09-22,00.00.04,12,0,85,9,
5012,2020-09-22,02.00.04,12,3,84,8,
5013,2020-09-22,04.00.04,11,6,87,2,
5014,2020-09-22,06.00.04,10,3,90,2,
5015,2020-09-22,08.00.04,11,2,89,0,
5016,2020-09-22,10.00.04,11,9,87,1,
5017,2020-09-22,12.00.04,13,0,81,6,
5018,2020-09-22,14.00.04,14,0,76,5,
5019,2020-09-22,16.00.04,15,3,73,2,
5020,2020-09-22,18.00.04,13,6,72,5,
5021,2020-09-22,20.00.04,10,3,83,2,
5022,2020-09-22,22.00.04,8,5,86,3,
5023,2020-09-23,00.00.04,7,0,89,0,
5024,2020-09-23,02.00.04,7,8,90,9,
5025,2020-09-23,04.00.04,9,3,93,5,
5026,2020-09-23,06.00.04,9,1,88,9,
5027,2020-09-23,08.00.04,9,2,88,2,
5028,2020-09-23,10.00.04,10,7,86,7,
5029,2020-09-23,12.00.04,12,2,84,8,
5030,2020-09-23,14.00.04,16,1,77,6,
5031,2020-09-23,16.00.04,18,6,66,8,
5032,2020-09-23,18.00.04,17,1,69,5,
5033,2020-09-23,20.00.04,13,3,79,7,
5034,2020-09-23,22.00.04,12,1,83,3,
5035,2020-09-24,00.00.04,11,1,88,4,
5036,2020-09-24,02.00.04,10,6,91,5,
5037,2020-09-24,04.00.04,11,4,93,5,
5038,2020-09-24,06.00.04,12,1,93,8,
5039,2020-09-24,08.00.04,12,2,93,0,
5040,2020-09-24,10.00.04,12,7,92,8,
5041,2020-09-24,12.00.04,15,0,85,9,
5042,2020-09-24,14.00.04,15,2,84,9,
5043,2020-09-24,16.00.04,16,1,85,2,
5044,2020-09-24,18.00.04,16,4,87,1,
5045,2020-09-24,20.00.04,15,9,88,5,
5046,2020-09-24,22.00.04,15,4,86,7,
5047,2020-09-25,00.00.04,14,5,88,5,
5048,2020-09-25,02.00.04,14,5,87,7,
5049,2020-09-25,04.00.04,14,1,90,0,
5050,2020-09-25,06.00.04,13,5,91,9,
5051,2020-09-25,08.00.04,14,0,91,2,
5052,2020-09-25,10.00.04,14,0,92,8,
5053,2020-09-25,12.00.04,16,9,80,5,
5054,2020-09-25,14.00.04,17,7,70,4,
5055,2020-09-25,16.00.04,17,9,62,9,
5056,2020-09-25,18.00.04,14,5,81,4,
5057,2020-09-25,20.00.04,11,2,85,2,
5058,2020-09-25,22.00.04,11,2,88,9,
5059,2020-09-26,00.00.04,13,7,90,8,
5060,2020-09-26,02.00.04,13,3,89,4,
5061,2020-09-26,04.00.04,12,1,89,4,
5062,2020-09-26,06.00.04,11,2,90,3,
5063,2020-09-26,08.00.04,11,4,89,8,
5064,2020-09-26,10.00.04,14,2,82,8,
5065,2020-09-26,12.00.04,16,3,77,9,
5066,2020-09-26,14.00.04,19,6,68,8,
5067,2020-09-26,16.00.04,19,9,68,7,
5068,2020-09-26,18.00.04,18,1,77,3,
5069,2020-09-26,20.00.04,15,4,83,1,
5070,2020-09-26,22.00.04,14,2,85,6,
5071,2020-09-27,00.00.04,13,5,87,1,
5072,2020-09-27,02.00.04,12,3,89,6,
5073,2020-09-27,04.00.04,10,0,90,3,
5074,2020-09-27,06.00.04,11,3,94,1,
5075,2020-09-27,08.00.04,10,4,93,8,
5076,2020-09-27,10.00.04,13,2,89,0,
5077,2020-09-27,12.00.04,18,5,73,4,
5078,2020-09-27,14.00.04,20,8,61,9,
5079,2020-09-27,16.00.04,21,2,62,6,
5080,2020-09-27,18.00.04,17,2,79,6,
5081,2020-09-27,20.00.04,12,7,85,7,
5082,2020-09-27,22.00.04,11,1,89,7,
5083,2020-09-28,00.00.04,10,7,91,4,
5084,2020-09-28,02.00.04,11,0,90,0,
5085,2020-09-28,04.00.04,8,2,91,4,
5086,2020-09-28,06.00.04,7,7,93,0,
5087,2020-09-28,08.00.04,8,0,94,5,
5088,2020-09-28,10.00.04,11,0,91,8,
5089,2020-09-28,12.00.04,16,2,75,1,
5090,2020-09-28,14.00.04,17,6,63,3,
5091,2020-09-28,16.00.04,18,1,63,6,
5092,2020-09-28,18.00.04,15,2,74,3,
5093,2020-09-28,20.00.04,10,7,85,5,
5094,2020-09-28,22.00.04,9,2,87,0,
5095,2020-09-29,00.00.04,10,8,85,9,
5096,2020-09-29,02.00.04,10,6,86,6,
5097,2020-09-29,04.00.04,8,5,91,0,
5098,2020-09-29,06.00.04,9,2,91,2,
5099,2020-09-29,08.00.04,9,7,91,3,
5100,2020-09-29,10.00.04,11,4,88,4,
5101,2020-09-29,12.00.04,12,9,84,8,
5102,2020-09-29,14.00.04,13,2,83,9,
5103,2020-09-29,16.00.04,13,3,84,5,
5104,2020-09-29,18.00.04,12,9,86,1,
5105,2020-09-29,20.00.04,12,1,88,9,
5106,2020-09-29,22.00.04,11,8,91,0,
5107,2020-09-30,00.00.04,11,8,91,3,
5108,2020-09-30,02.00.04,11,9,90,8,
5109,2020-09-30,04.00.04,11,8,90,4,
5110,2020-09-30,06.00.04,11,5,90,3,
5111,2020-09-30,08.00.04,11,4,90,4,
5112,2020-09-30,10.00.04,11,6,89,6,
5113,2020-09-30,12.00.04,12,7,85,6,
5114,2020-09-30,14.00.04,14,3,80,7,
5115,2020-09-30,16.00.04,13,6,80,9,
5116,2020-09-30,18.00.04,13,2,82,2,
5117,2020-09-30,20.00.04,10,8,87,5,
5118,2020-09-30,22.00.04,10,8,90,5,
5119,2020-10-01,00.00.04,10,2,91,7,
5120,2020-10-01,02.00.04,9,0,92,4,
5121,2020-10-01,04.00.04,8,2,92,4,
5122,2020-10-01,06.00.04,8,0,93,6,
5123,2020-10-01,08.00.04,8,2,94,1,
5124,2020-10-01,10.00.04,10,4,92,0,
5125,2020-10-01,12.00.04,13,6,80,3,
5126,2020-10-01,14.00.04,16,4,69,0,
5127,2020-10-01,16.00.04,16,4,69,5,
5128,2020-10-01,18.00.04,13,2,81,4,
5129,2020-10-01,20.00.04,9,4,88,3,
5130,2020-10-01,22.00.04,8,9,89,7,
5131,2020-10-02,00.00.04,7,1,91,6,
5132,2020-10-02,02.00.04,7,2,93,8,
5133,2020-10-02,04.00.04,7,7,94,8,
5134,2020-10-02,06.00.04,6,1,94,2,
5135,2020-10-02,08.00.04,7,1,95,5,
5136,2020-10-02,10.00.04,8,2,95,4,
5137,2020-10-02,12.00.04,12,5,83,1,
5138,2020-10-02,14.00.04,15,8,67,9,
5139,2020-10-02,16.00.04,16,7,62,8,
5140,2020-10-02,18.00.04,13,8,76,9,
5141,2020-10-02,20.00.04,8,9,86,4,
5142,2020-10-02,22.00.04,7,0,90,8,
5143,2020-10-03,00.00.04,6,4,92,6,
5144,2020-10-03,02.00.04,7,4,94,5,
5145,2020-10-03,04.00.04,5,3,93,5,
5146,2020-10-03,06.00.04,5,2,94,3,
5147,2020-10-03,08.00.04,3,8,94,8,
5148,2020-10-03,10.00.04,7,3,95,7,
5149,2020-10-03,12.00.04,12,8,80,5,
5150,2020-10-03,14.00.04,15,1,71,8,
5151,2020-10-03,16.00.04,16,2,63,6,
5152,2020-10-03,18.00.04,14,0,73,7,
5153,2020-10-03,20.00.04,13,2,76,9,
5154,2020-10-03,22.00.04,12,5,80,1,
5155,2020-10-04,00.00.04,11,3,83,0,
5156,2020-10-04,02.00.04,10,5,84,8,
5157,2020-10-04,04.00.04,10,5,84,7,
5158,2020-10-04,06.00.04,10,4,86,1,
5159,2020-10-04,08.00.04,11,1,87,3,
5160,2020-10-04,10.00.04,12,2,83,8,
5161,2020-10-04,12.00.04,14,9,71,2,
5162,2020-10-04,14.00.04,13,9,74,4,
5163,2020-10-04,16.00.04,12,1,82,4,
5164,2020-10-04,18.00.04,12,0,80,2,
5165,2020-10-04,20.00.04,11,9,81,0,
5166,2020-10-04,22.00.04,11,2,82,9,
5167,2020-10-05,00.00.04,10,8,85,6,
5168,2020-10-05,02.00.04,10,5,89,0,
5169,2020-10-05,04.00.04,10,1,94,2,
5170,2020-10-05,06.00.04,10,5,94,6,
5171,2020-10-05,08.00.04,11,0,94,9,
5172,2020-10-05,10.00.04,12,2,95,1,
5173,2020-10-05,12.00.04,13,2,91,6,
5174,2020-10-05,14.00.04,15,8,76,9,
5175,2020-10-05,16.00.04,17,0,68,4,
5176,2020-10-05,18.00.04,15,1,73,1,
5177,2020-10-05,20.00.04,11,9,84,5,
5178,2020-10-05,22.00.04,9,7,90,1,
5179,2020-10-06,00.00.04,8,1,91,8,
5180,2020-10-06,02.00.04,8,7,94,6,
5181,2020-10-06,04.00.04,8,8,95,1,
5182,2020-10-06,06.00.04,11,1,95,4,
5183,2020-10-06,08.00.04,12,2,95,5,
5184,2020-10-06,10.00.04,12,7,95,6,
5185,2020-10-06,12.00.04,12,0,95,1,
5186,2020-10-06,14.00.04,11,8,91,1,
5187,2020-10-06,16.00.04,12,1,88,9,
5188,2020-10-06,18.00.04,12,0,88,3,
5189,2020-10-06,20.00.04,12,0,92,9,
5190,2020-10-06,22.00.04,12,1,94,0,
5191,2020-10-07,00.00.04,11,5,92,5,
5192,2020-10-07,02.00.04,11,0,93,5,
5193,2020-10-07,04.00.04,10,5,93,8,
5194,2020-10-07,06.00.04,10,3,93,1,
5195,2020-10-07,08.00.04,10,5,93,0,
5196,2020-10-07,10.00.04,11,1,91,1,
5197,2020-10-07,12.00.04,12,0,88,1,
5198,2020-10-07,14.00.04,12,1,87,8,
5199,2020-10-07,16.00.04,13,3,84,0,
5200,2020-10-07,18.00.04,12,7,86,9,
5201,2020-10-07,20.00.04,12,2,88,6,
5202,2020-10-07,22.00.04,11,7,87,4,
5203,2020-10-08,00.00.04,11,2,90,6,
5204,2020-10-08,02.00.04,10,7,94,0,
5205,2020-10-08,04.00.04,10,9,94,9,
5206,2020-10-08,06.00.04,11,0,95,2,
5207,2020-10-08,08.00.04,11,1,94,7,
5208,2020-10-08,10.00.04,11,3,94,3,
5209,2020-10-08,12.00.04,12,0,91,3,
5210,2020-10-08,14.00.04,13,0,85,5,
5211,2020-10-08,16.00.04,12,3,85,8,
5212,2020-10-08,18.00.04,11,4,91,4,
5213,2020-10-08,20.00.04,10,8,91,5,
5214,2020-10-08,22.00.04,11,2,90,3,
5215,2020-10-09,00.00.04,10,5,90,2,
5216,2020-10-09,02.00.04,10,6,90,2,
5217,2020-10-09,04.00.04,10,5,91,8,
5218,2020-10-09,06.00.04,10,6,90,8,
5219,2020-10-09,08.00.04,10,5,91,7,
5220,2020-10-09,10.00.04,10,2,93,8,
5221,2020-10-09,12.00.04,11,3,91,1,
5222,2020-10-09,14.00.04,12,4,86,0,
5223,2020-10-09,16.00.04,11,7,85,4,
5224,2020-10-09,18.00.04,9,8,93,8,
5225,2020-10-09,20.00.04,10,4,92,8,
5226,2020-10-09,22.00.04,8,3,92,8,
5227,2020-10-10,00.00.04,8,3,93,0,
5228,2020-10-10,02.00.04,8,1,90,6,
5229,2020-10-10,04.00.04,7,9,89,2,
5230,2020-10-10,06.00.04,8,5,87,3,
5231,2020-10-10,08.00.04,8,4,87,8,
5232,2020-10-10,10.00.04,8,9,87,0,
5233,2020-10-10,12.00.04,9,7,84,5,
5234,2020-10-10,14.00.04,10,9,82,0,
5235,2020-10-10,16.00.04,11,4,80,5,
5236,2020-10-10,18.00.04,9,8,83,1,
5237,2020-10-10,20.00.04,5,0,89,5,
5238,2020-10-10,22.00.04,3,9,92,9,
5239,2020-10-11,00.00.04,4,4,94,3,
5240,2020-10-11,02.00.04,6,1,95,6,
5241,2020-10-11,04.00.04,6,6,95,7,
5242,2020-10-11,06.00.04,7,5,95,9,
5243,2020-10-11,08.00.04,8,0,96,1,
5244,2020-10-11,10.00.04,8,4,96,5,
5245,2020-10-11,12.00.04,9,2,96,7,
5246,2020-10-11,14.00.04,10,4,96,6,
5247,2020-10-11,16.00.04,10,6,90,8,
5248,2020-10-11,18.00.04,8,3,95,0,
5249,2020-10-11,20.00.04,3,6,94,6,
5250,2020-10-11,22.00.04,1,4,95,4,
5251,2020-10-12,00.00.04,-0,3,95,8,
5252,2020-10-12,02.00.04,-0,6,96,5,
5253,2020-10-12,04.00.04,-0,2,97,1,
5254,2020-10-12,06.00.04,1,0,97,4,
5255,2020-10-12,08.00.04,3,6,97,9,
5256,2020-10-12,10.00.04,4,1,97,9,
5257,2020-10-12,12.00.04,6,6,98,0,
5258,2020-10-12,14.00.04,8,7,97,8,
5259,2020-10-12,16.00.04,8,9,91,8,
5260,2020-10-12,18.00.04,7,8,94,4,
5261,2020-10-12,20.00.04,7,0,94,3,
5262,2020-10-12,22.00.04,6,7,95,4,
5263,2020-10-13,00.00.04,4,8,95,2,
5264,2020-10-13,02.00.04,4,7,96,3,
5265,2020-10-13,04.00.04,5,0,96,2,
5266,2020-10-13,06.00.04,4,7,96,4,
5267,2020-10-13,08.00.04,4,3,96,7,
5268,2020-10-13,10.00.04,5,3,97,2,
5269,2020-10-13,12.00.04,6,7,97,3,
5270,2020-10-13,14.00.04,6,7,96,5,
5271,2020-10-13,16.00.04,6,6,95,8,
5272,2020-10-13,18.00.04,5,0,95,3,
5273,2020-10-13,20.00.04,5,0,96,5,
5274,2020-10-13,22.00.04,5,6,97,0,
5275,2020-10-14,00.00.04,5,8,97,1,
5276,2020-10-14,02.00.04,5,4,96,8,
5277,2020-10-14,04.00.04,5,3,96,4,
5278,2020-10-14,06.00.04,4,9,95,7,
5279,2020-10-14,08.00.04,3,6,95,0,
5280,2020-10-14,10.00.04,3,0,95,0,
5281,2020-10-14,12.00.04,3,3,94,6,
5282,2020-10-14,14.00.04,3,7,93,9,
5283,2020-10-14,16.00.04,3,3,93,2,
5284,2020-10-14,18.00.04,2,4,94,1,
5285,2020-10-14,20.00.04,1,9,94,3,
5286,2020-10-14,22.00.04,1,1,93,7,
5287,2020-10-15,00.00.04,-1,1,94,7,
5288,2020-10-15,02.00.04,-1,7,95,7,
5289,2020-10-15,04.00.04,-2,7,95,1,
5290,2020-10-15,06.00.04,-3,0,94,6,
5291,2020-10-15,08.00.04,-3,6,93,5,
5292,2020-10-15,10.00.04,-2,2,95,2,
5293,2020-10-15,12.00.04,0,9,96,4,
5294,2020-10-15,14.00.04,4,1,95,1,
5295,2020-10-15,16.00.04,4,4,90,4,
5296,2020-10-15,18.00.04,3,5,93,9,
5297,2020-10-15,20.00.04,2,3,93,5,
5298,2020-10-15,22.00.04,3,0,91,5,
5299,2020-10-16,00.00.04,2,3,93,8,
5300,2020-10-16,02.00.04,1,1,95,4,
5301,2020-10-16,04.00.04,1,2,95,2,
5302,2020-10-16,06.00.04,0,8,96,4,
5303,2020-10-16,08.00.04,1,0,97,0,
5304,2020-10-16,10.00.04,2,2,96,9,
5305,2020-10-16,12.00.04,4,2,89,9,
5306,2020-10-16,14.00.04,5,5,87,1,
5307,2020-10-16,16.00.04,5,1,81,6,
5308,2020-10-16,18.00.04,2,9,88,7,
5309,2020-10-16,20.00.04,-0,5,92,4,
5310,2020-10-16,22.00.04,-0,9,95,2,
5311,2020-10-17,00.00.04,-1,4,95,8,
5312,2020-10-17,02.00.04,-1,6,96,0,
5313,2020-10-17,04.00.04,0,9,97,3,
5314,2020-10-17,06.00.04,1,6,97,7,
5315,2020-10-17,08.00.04,3,2,97,9,
5316,2020-10-17,10.00.04,4,2,97,8,
5317,2020-10-17,12.00.04,5,4,94,1,
5318,2020-10-17,14.00.04,6,7,88,1,
5319,2020-10-17,16.00.04,6,3,87,4,
5320,2020-10-17,18.00.04,6,5,87,1,
5321,2020-10-17,20.00.04,5,7,90,6,
5322,2020-10-17,22.00.04,5,5,90,7,
5323,2020-10-18,00.00.04,5,1,92,8,
5324,2020-10-18,02.00.04,2,9,95,0,
5325,2020-10-18,04.00.04,2,8,96,0,
5326,2020-10-18,06.00.04,1,7,96,1,
5327,2020-10-18,08.00.04,-0,1,95,9,
5328,2020-10-18,10.00.04,0,1,96,8,
5329,2020-10-18,12.00.04,1,7,97,0,
5330,2020-10-18,14.00.04,1,8,93,8,
5331,2020-10-18,16.00.04,1,2,94,6,
5332,2020-10-18,18.00.04,0,1,95,7,
5333,2020-10-18,20.00.04,0,1,96,3,
5334,2020-10-18,22.00.04,0,1,96,6,
5335,2020-10-19,00.00.04,-0,4,95,7,
5336,2020-10-19,02.00.04,-0,4,96,1,
5337,2020-10-19,04.00.04,-0,9,96,3,
5338,2020-10-19,06.00.04,-2,3,95,5,
5339,2020-10-19,08.00.04,-2,5,95,4,
5340,2020-10-19,10.00.04,-1,6,95,5,
5341,2020-10-19,12.00.04,0,0,94,3,
5342,2020-10-19,14.00.04,0,4,94,6,
5343,2020-10-19,16.00.04,0,3,95,7,
5344,2020-10-19,18.00.04,0,3,96,5,
5345,2020-10-19,20.00.04,0,3,97,1,
5346,2020-10-19,22.00.04,0,2,97,0,
5347,2020-10-20,00.00.04,0,1,96,7,
5348,2020-10-20,02.00.04,-0,2,95,6,
5349,2020-10-20,04.00.04,-0,8,94,5,
5350,2020-10-20,06.00.04,-1,0,94,4,
5351,2020-10-20,08.00.04,-1,5,95,0,
5352,2020-10-20,10.00.04,-1,5,93,8,
5353,2020-10-20,12.00.04,-0,6,92,4,
5354,2020-10-20,14.00.04,0,3,91,8,
5355,2020-10-20,16.00.04,0,1,93,5,
5356,2020-10-20,18.00.04,-0,9,95,1,
5357,2020-10-20,20.00.04,-1,2,95,8,
5358,2020-10-20,22.00.04,-1,6,95,7,
5359,2020-10-21,00.00.04,-1,6,95,1,
5360,2020-10-21,02.00.04,-1,7,95,3,
5361,2020-10-21,04.00.04,-1,3,95,6,
5362,2020-10-21,06.00.04,-1,1,95,1,
5363,2020-10-21,08.00.04,-1,2,95,7,
5364,2020-10-21,10.00.04,-0,2,96,4,
5365,2020-10-21,12.00.04,0,3,96,1,
5366,2020-10-21,14.00.04,0,6,96,8,
5367,2020-10-21,16.00.04,2,2,97,9,
5368,2020-10-21,18.00.04,3,2,98,7,
5369,2020-10-21,20.00.04,4,1,98,9,
5370,2020-10-21,22.00.04,4,6,99,0,
5371,2020-10-22,00.00.04,5,1,99,0,
5372,2020-10-22,02.00.04,5,7,99,0,
5373,2020-10-22,04.00.04,6,1,99,0,
5374,2020-10-22,06.00.04,6,6,99,0,
5375,2020-10-22,08.00.04,7,0,99,0,
5376,2020-10-22,10.00.04,7,7,99,0,
5377,2020-10-22,12.00.04,8,2,99,0,
5378,2020-10-22,14.00.04,8,5,99,0,
5379,2020-10-22,16.00.04,8,0,99,0,
5380,2020-10-22,18.00.04,7,7,99,0,
5381,2020-10-22,20.00.04,7,4,99,0,
5382,2020-10-22,22.00.04,7,5,99,0,
5383,2020-10-23,00.00.04,7,6,99,1,
5384,2020-10-23,02.00.04,8,0,99,1,
5385,2020-10-23,04.00.04,8,0,99,1,
5386,2020-10-23,06.00.04,7,7,99,2,
5387,2020-10-23,08.00.04,6,7,99,2,
5388,2020-10-23,10.00.04,4,7,99,3,
5389,2020-10-23,12.00.04,3,0,99,4,
5390,2020-10-23,14.00.04,2,9,99,6,
5391,2020-10-23,16.00.04,2,1,99,6,
5392,2020-10-23,18.00.04,0,5,99,5,
5393,2020-10-23,20.00.04,-0,8,99,6,
5394,2020-10-23,22.00.04,-0,8,99,7,
5395,2020-10-24,00.00.04,-1,0,99,8,
5396,2020-10-24,02.00.04,-1,5,99,8,
5397,2020-10-24,04.00.04,-0,5,99,8,
5398,2020-10-24,06.00.04,-1,2,99,9,
5399,2020-10-24,08.00.04,-1,4,99,9,
5400,2020-10-24,10.00.04,-0,4,99,9,
5401,2020-10-24,12.00.04,1,1,99,8,
5402,2020-10-24,14.00.04,1,8,99,9,
5403,2020-10-24,16.00.04,1,5,99,7,
5404,2020-10-24,18.00.04,0,4,99,9,
5405,2020-10-24,20.00.04,-0,9,99,8,
5406,2020-10-24,22.00.04,-0,5,99,9,
5407,2020-10-25,00.00.04,-1,4,99,9,
5408,2020-10-25,02.00.04,-2,2,99,7,
5409,2020-10-25,04.00.04,-3,2,99,7,
5410,2020-10-25,06.00.04,-3,8,99,5,
5411,2020-10-25,08.00.04,-3,4,99,4,
5412,2020-10-25,10.00.04,-3,0,99,4,
5413,2020-10-25,12.00.04,-0,4,99,6,
5414,2020-10-25,14.00.04,1,2,99,9,
5415,2020-10-25,16.00.04,1,9,99,6,
5416,2020-10-25,18.00.04,1,7,99,3,
5417,2020-10-25,20.00.04,2,2,99,1,
5418,2020-10-25,22.00.04,3,3,98,6,
5419,2020-10-26,00.00.04,5,2,98,6,
5420,2020-10-26,02.00.04,6,6,98,1,
5421,2020-10-26,04.00.04,7,5,98,1,
5422,2020-10-26,06.00.04,8,6,98,1,
5423,2020-10-26,08.00.04,9,7,98,2,
5424,2020-10-26,10.00.04,10,0,95,8,
5425,2020-10-26,12.00.04,10,4,92,0,
5426,2020-10-26,14.00.04,10,4,89,7,
5427,2020-10-26,16.00.04,9,6,88,8,
5428,2020-10-26,18.00.04,9,1,90,9,
5429,2020-10-26,20.00.04,9,1,91,7,
5430,2020-10-26,22.00.04,9,1,93,0,
5431,2020-10-27,00.00.04,8,9,94,7,
5432,2020-10-27,02.00.04,8,8,95,8,
5433,2020-10-27,04.00.04,8,7,96,1,
5434,2020-10-27,06.00.04,8,9,95,7,
5435,2020-10-27,08.00.04,8,7,96,0,
5436,2020-10-27,10.00.04,9,3,96,1,
5437,2020-10-27,12.00.04,9,8,95,1,
5438,2020-10-27,14.00.04,10,5,94,4, Download Mark
5439,2020-10-27,16.00.04,10,7,94,3,
5440,2020-10-27,18.00.04,9,2,92,5,
5441,2020-10-27,20.00.04,7,7,94,6,
5442,2020-10-27,22.00.04,8,1,94,9,
5443,2020-10-28,00.00.04,8,2,93,7,
5444,2020-10-28,02.00.04,8,0,92,9,
5445,2020-10-28,04.00.04,8,0,94,1,
5446,2020-10-28,06.00.04,6,4,95,4,
5447,2020-10-28,08.00.04,6,2,96,1,
5448,2020-10-28,10.00.04,6,7,95,7,
5449,2020-10-28,12.00.04,7,6,92,7,
5450,2020-10-28,14.00.04,8,0,91,2,
5451,2020-10-28,16.00.04,8,6,89,1,
5452,2020-10-28,18.00.04,8,2,89,6,
5453,2020-10-28,20.00.04,7,9,93,5,
5454,2020-10-28,22.00.04,8,0,94,5,
5455,2020-10-29,00.00.04,7,9,94,1,
5456,2020-10-29,02.00.04,7,9,95,5,
5457,2020-10-29,04.00.04,7,8,94,7,
5458,2020-10-29,06.00.04,7,5,94,0,
5459,2020-10-29,08.00.04,7,1,94,5,
5460,2020-10-29,10.00.04,7,6,93,9,
5461,2020-10-29,12.00.04,8,2,91,3,
5462,2020-10-29,14.00.04,8,7,88,9,
5463,2020-10-29,16.00.04,8,0,92,5,
5464,2020-10-29,18.00.04,7,4,92,9,
5465,2020-10-29,20.00.04,6,5,94,7,
5466,2020-10-29,22.00.04,4,5,94,6,
5467,2020-10-30,00.00.04,6,9,96,8,
5468,2020-10-30,02.00.04,7,3,96,4,
5469,2020-10-30,04.00.04,7,4,96,8,
5470,2020-10-30,06.00.04,6,1,96,7,
5471,2020-10-30,08.00.04,2,8,96,3,
5472,2020-10-30,10.00.04,3,3,97,2,
5473,2020-10-30,12.00.04,5,7,97,7,
5474,2020-10-30,14.00.04,6,9,96,8,
5475,2020-10-30,16.00.04,7,3,94,0,
5476,2020-10-30,18.00.04,5,9,96,0,
5477,2020-10-30,20.00.04,5,5,96,6,
5478,2020-10-30,22.00.04,5,3,97,1,
5479,2020-10-31,00.00.04,3,5,96,6,
5480,2020-10-31,02.00.04,3,0,97,3,
5481,2020-10-31,04.00.04,4,1,97,8,
5482,2020-10-31,06.00.04,4,6,98,0,
5483,2020-10-31,08.00.04,4,4,98,1,
5484,2020-10-31,10.00.04,3,5,98,1,
5485,2020-10-31,12.00.04,4,8,98,2,
5486,2020-10-31,14.00.04,5,2,97,3,
5487,2020-10-31,16.00.04,5,3,94,9,
5488,2020-10-31,18.00.04,5,2,95,6,
5489,2020-10-31,20.00.04,5,4,95,4,
5490,2020-10-31,22.00.04,5,8,96,2,
5491,2020-11-01,00.00.04,6,1,94,2,
5492,2020-11-01,02.00.04,6,4,95,2,
5493,2020-11-01,04.00.04,6,5,95,3,
5494,2020-11-01,06.00.04,6,7,94,3,
5495,2020-11-01,08.00.04,6,7,93,0,
5496,2020-11-01,10.00.04,6,6,91,6,
5497,2020-11-01,12.00.04,6,9,90,3,
5498,2020-11-01,14.00.04,7,0,89,3,
5499,2020-11-01,16.00.04,6,9,88,6,
5500,2020-11-01,18.00.04,6,8,88,1,
5501,2020-11-01,20.00.04,6,3,91,0,
5502,2020-11-01,22.00.04,6,7,87,7,
5503,2020-11-02,00.00.04,6,9,87,3,
5504,2020-11-02,02.00.04,7,2,86,4,
5505,2020-11-02,04.00.04,6,9,87,3,
5506,2020-11-02,06.00.04,6,6,88,1,
5507,2020-11-02,08.00.04,6,1,87,7,
5508,2020-11-02,10.00.04,5,9,86,7,
5509,2020-11-02,12.00.04,5,8,87,0,
5510,2020-11-02,14.00.04,5,4,90,0,
5511,2020-11-02,16.00.04,5,4,91,6,
5512,2020-11-02,18.00.04,5,8,93,9,
5513,2020-11-02,20.00.04,6,7,94,9,
5514,2020-11-02,22.00.04,7,6,95,3,
5515,2020-11-03,00.00.04,9,1,95,8,
5516,2020-11-03,02.00.04,10,6,95,7,
5517,2020-11-03,04.00.04,11,7,96,3,
5518,2020-11-03,06.00.04,11,4,95,5,
5519,2020-11-03,08.00.04,10,2,94,7,
5520,2020-11-03,10.00.04,8,5,93,5,
5521,2020-11-03,12.00.04,8,9,91,5,
5522,2020-11-03,14.00.04,9,0,89,7,
5523,2020-11-03,16.00.04,8,7,88,9,
5524,2020-11-03,18.00.04,8,4,86,0,
5525,2020-11-03,20.00.04,8,0,87,7,
5526,2020-11-03,22.00.04,7,8,88,7,
5527,2020-11-04,00.00.04,7,6,88,8,
5528,2020-11-04,02.00.04,6,0,90,4,
5529,2020-11-04,04.00.04,6,2,91,5,
5530,2020-11-04,06.00.04,6,1,90,6,
5531,2020-11-04,08.00.04,5,0,91,5,
5532,2020-11-04,10.00.04,5,7,90,8,
5533,2020-11-04,12.00.04,6,6,88,4,
5534,2020-11-04,14.00.04,7,2,87,1,
5535,2020-11-04,16.00.04,6,6,87,1,
5536,2020-11-04,18.00.04,4,7,91,6,
5537,2020-11-04,20.00.04,3,8,94,3,
5538,2020-11-04,22.00.04,5,3,91,0,
5539,2020-11-05,00.00.04,5,5,90,0,
5540,2020-11-05,02.00.04,5,3,89,3,
5541,2020-11-05,04.00.04,5,2,88,5,
5542,2020-11-05,06.00.04,5,1,88,7,
5543,2020-11-05,08.00.04,4,8,90,1,
5544,2020-11-05,10.00.04,4,6,89,9,
5545,2020-11-05,12.00.04,5,5,85,5,
5546,2020-11-05,14.00.04,5,6,88,3,
5547,2020-11-05,16.00.04,7,0,85,5,
5548,2020-11-05,18.00.04,6,9,81,5,
5549,2020-11-05,20.00.04,6,3,79,6,
5550,2020-11-05,22.00.04,6,1,75,9,
5551,2020-11-06,00.00.04,6,0,75,2,
5552,2020-11-06,02.00.04,6,5,74,4,
5553,2020-11-06,04.00.04,5,8,76,1,
5554,2020-11-06,06.00.04,5,4,80,7,
5555,2020-11-06,08.00.04,5,0,80,9,
5556,2020-11-06,10.00.04,4,7,83,4,
5557,2020-11-06,12.00.04,6,6,79,3,
5558,2020-11-06,14.00.04,8,9,79,2,
5559,2020-11-06,16.00.04,9,6,83,8,
5560,2020-11-06,18.00.04,9,4,86,0,
5561,2020-11-06,20.00.04,9,5,84,6,
5562,2020-11-06,22.00.04,9,6,82,0,
5563,2020-11-07,00.00.04,9,3,81,9,
5564,2020-11-07,02.00.04,8,8,83,2,
5565,2020-11-07,04.00.04,7,8,85,5,
5566,2020-11-07,06.00.04,6,1,88,8,
5567,2020-11-07,08.00.04,5,3,90,3,
5568,2020-11-07,10.00.04,5,2,91,7,
5569,2020-11-07,12.00.04,7,9,84,6,
5570,2020-11-07,14.00.04,9,5,79,2,
5571,2020-11-07,16.00.04,9,5,80,2,
5572,2020-11-07,18.00.04,6,9,87,3,
5573,2020-11-07,20.00.04,6,1,90,6,
5574,2020-11-07,22.00.04,6,2,90,0,
5575,2020-11-08,00.00.04,5,2,92,5,
5576,2020-11-08,02.00.04,2,0,93,6,
5577,2020-11-08,04.00.04,-0,1,94,7,
5578,2020-11-08,06.00.04,-1,0,94,3,
5579,2020-11-08,08.00.04,-1,9,95,4,
5580,2020-11-08,10.00.04,-2,3,95,4,
5581,2020-11-08,12.00.04,-0,1,96,3,
5582,2020-11-08,14.00.04,2,1,90,1,
5583,2020-11-08,16.00.04,1,7,88,8,
5584,2020-11-08,18.00.04,-0,5,92,9,
5585,2020-11-08,20.00.04,-1,0,94,9,
5586,2020-11-08,22.00.04,-1,7,95,6,
5587,2020-11-09,00.00.04,-0,6,96,7,
5588,2020-11-09,02.00.04,0,5,96,7,
5589,2020-11-09,04.00.04,1,4,91,0,
5590,2020-11-09,06.00.04,2,7,91,9,
5591,2020-11-09,08.00.04,2,8,91,8,
5592,2020-11-09,10.00.04,2,7,93,0,
5593,2020-11-09,12.00.04,3,9,89,5,
5594,2020-11-09,14.00.04,5,7,83,6,
5595,2020-11-09,16.00.04,4,7,84,8,
5596,2020-11-09,18.00.04,1,3,91,7,
5597,2020-11-09,20.00.04,0,4,93,5,
5598,2020-11-09,22.00.04,-0,5,95,4,
5599,2020-11-10,00.00.04,-1,2,96,1,
5600,2020-11-10,02.00.04,-1,5,96,4,
5601,2020-11-10,04.00.04,-2,5,95,9,
5602,2020-11-10,06.00.04,-3,0,95,4,
5603,2020-11-10,08.00.04,-2,6,95,5,
5604,2020-11-10,10.00.04,-3,2,93,6,
5605,2020-11-10,12.00.04,-1,5,95,0,
5606,2020-11-10,14.00.04,0,6,93,4,
5607,2020-11-10,16.00.04,0,4,94,5,
5608,2020-11-10,18.00.04,-1,8,95,2,
5609,2020-11-10,20.00.04,-2,5,95,6,
5610,2020-11-10,22.00.04,-0,9,96,2,
5611,2020-11-11,00.00.04,-0,6,96,2,
5612,2020-11-11,02.00.04,0,3,96,7,
5613,2020-11-11,04.00.04,0,2,96,9,
5614,2020-11-11,06.00.04,1,1,97,3,
5615,2020-11-11,08.00.04,1,1,97,5,
5616,2020-11-11,10.00.04,1,4,97,8,
5617,2020-11-11,12.00.04,2,0,98,1,
5618,2020-11-11,14.00.04,2,4,98,1,
5619,2020-11-11,16.00.04,2,9,98,2,
5620,2020-11-11,18.00.04,3,2,98,2,
5621,2020-11-11,20.00.04,3,6,98,2,
5622,2020-11-11,22.00.04,4,0,98,2,
5623,2020-11-12,00.00.04,4,6,98,2,
5624,2020-11-12,02.00.04,4,8,98,2,
5625,2020-11-12,04.00.04,4,8,98,2,
5626,2020-11-12,06.00.04,5,0,98,3,
5627,2020-11-12,08.00.04,5,0,98,2,
5628,2020-11-12,10.00.04,5,0,98,2,
5629,2020-11-12,12.00.04,5,6,98,2,
5630,2020-11-12,14.00.04,5,9,97,6,
5631,2020-11-12,16.00.04,5,1,95,7,
5632,2020-11-12,18.00.04,4,1,95,2,
5633,2020-11-12,20.00.04,3,7,93,7,
5634,2020-11-12,22.00.04,3,6,94,5,
5635,2020-11-13,00.00.04,3,4,95,1,
5636,2020-11-13,02.00.04,3,3,94,8,
5637,2020-11-13,04.00.04,3,3,95,4,
5638,2020-11-13,06.00.04,3,2,96,1,
5639,2020-11-13,08.00.04,2,9,95,5,
5640,2020-11-13,10.00.04,2,8,94,9,
5641,2020-11-13,12.00.04,3,1,94,6,
5642,2020-11-13,14.00.04,3,3,92,1,
5643,2020-11-13,16.00.04,3,0,91,7,
5644,2020-11-13,18.00.04,2,6,90,9,
5645,2020-11-13,20.00.04,2,2,91,2,
5646,2020-11-13,22.00.04,2,1,91,9,
5647,2020-11-14,00.00.04,2,4,92,4,
5648,2020-11-14,02.00.04,2,4,91,8,
5649,2020-11-14,04.00.04,2,3,91,2,
5650,2020-11-14,06.00.04,2,0,91,7,
5651,2020-11-14,08.00.04,2,1,92,1,
5652,2020-11-14,10.00.04,2,0,92,3,
5653,2020-11-14,12.00.04,2,4,91,0,
5654,2020-11-14,14.00.04,2,7,90,3,
5655,2020-11-14,16.00.04,2,7,89,8,
5656,2020-11-14,18.00.04,2,6,90,4,
5657,2020-11-14,20.00.04,2,7,90,8,
5658,2020-11-14,22.00.04,2,7,90,4,
5659,2020-11-15,00.00.04,2,9,89,5,
5660,2020-11-15,02.00.04,2,9,90,7,
5661,2020-11-15,04.00.04,2,9,91,2,
5662,2020-11-15,06.00.04,2,7,92,1,
5663,2020-11-15,08.00.04,2,6,93,6,
5664,2020-11-15,10.00.04,3,0,94,1,
5665,2020-11-15,12.00.04,3,8,90,8,
5666,2020-11-15,14.00.04,3,9,88,9,
5667,2020-11-15,16.00.04,2,9,87,4,
5668,2020-11-15,18.00.04,2,3,87,7,
5669,2020-11-15,20.00.04,1,4,88,8,
5670,2020-11-15,22.00.04,0,7,90,1,
5671,2020-11-16,00.00.04,1,3,89,7,
5672,2020-11-16,02.00.04,1,3,90,9,
5673,2020-11-16,04.00.04,1,4,89,8,
5674,2020-11-16,06.00.04,1,4,89,8,
5675,2020-11-16,08.00.04,1,5,91,0,
5676,2020-11-16,10.00.04,2,0,91,7,
5677,2020-11-16,12.00.04,2,2,94,4,
5678,2020-11-16,14.00.04,2,9,95,4,
5679,2020-11-16,16.00.04,2,9,95,3,
5680,2020-11-16,18.00.04,2,8,95,6,
5681,2020-11-16,20.00.04,2,7,96,1,
5682,2020-11-16,22.00.04,2,8,95,7,
5683,2020-11-17,00.00.04,3,0,95,0,
5684,2020-11-17,02.00.04,3,3,95,6,
5685,2020-11-17,04.00.04,3,8,96,4,
5686,2020-11-17,06.00.04,4,3,96,9,
5687,2020-11-17,08.00.04,4,5,96,7,
5688,2020-11-17,10.00.04,4,4,96,6,
5689,2020-11-17,12.00.04,4,5,96,8,
5690,2020-11-17,14.00.04,4,7,96,7,
5691,2020-11-17,16.00.04,4,6,96,6,
5692,2020-11-17,18.00.04,4,6,96,7,
5693,2020-11-17,20.00.04,4,6,96,8,
5694,2020-11-17,22.00.04,5,3,97,1,
5695,2020-11-18,00.00.04,6,2,97,6,
5696,2020-11-18,02.00.04,6,3,95,9,
5697,2020-11-18,04.00.04,6,2,97,2,
5698,2020-11-18,06.00.04,7,0,97,6,
5699,2020-11-18,08.00.04,6,9,97,5,
5700,2020-11-18,10.00.04,5,3,96,1,
5701,2020-11-18,12.00.04,5,2,96,3,
5702,2020-11-18,14.00.04,5,7,92,8,
5703,2020-11-18,16.00.04,5,3,94,0,
5704,2020-11-18,18.00.04,6,3,96,3,
5705,2020-11-18,20.00.04,7,6,96,7,
5706,2020-11-18,22.00.04,9,1,97,1,
5707,2020-11-19,00.00.04,9,9,95,9,
5708,2020-11-19,02.00.04,9,6,95,7,
5709,2020-11-19,04.00.04,8,9,95,7,
5710,2020-11-19,06.00.04,8,7,96,1,
5711,2020-11-19,08.00.04,8,4,95,7,
5712,2020-11-19,10.00.04,8,2,96,2,
5713,2020-11-19,12.00.04,8,4,96,1,
5714,2020-11-19,14.00.04,6,3,92,0,
5715,2020-11-19,16.00.04,5,8,92,2,
5716,2020-11-19,18.00.04,2,7,91,8,
5717,2020-11-19,20.00.04,0,8,91,9,
5718,2020-11-19,22.00.04,-0,3,91,6,
5719,2020-11-20,00.00.04,-1,0,89,3,
5720,2020-11-20,02.00.04,-1,7,91,4,
5721,2020-11-20,04.00.04,-1,8,92,7,
5722,2020-11-20,06.00.04,-3,2,94,2,
5723,2020-11-20,08.00.04,-3,9,93,9,
5724,2020-11-20,10.00.04,-4,1,93,9,
5725,2020-11-20,12.00.04,-2,4,93,8,
5726,2020-11-20,14.00.04,-0,5,95,6,
5727,2020-11-20,16.00.04,0,3,93,9,
5728,2020-11-20,18.00.04,0,1,93,6,
5729,2020-11-20,20.00.04,-0,2,93,2,
5730,2020-11-20,22.00.04,-0,2,92,3,
5731,2020-11-21,00.00.04,-0,8,92,4,
5732,2020-11-21,02.00.04,-3,2,94,5,
5733,2020-11-21,04.00.04,-4,4,94,5,
5734,2020-11-21,06.00.04,-5,4,93,8,
5735,2020-11-21,08.00.04,-4,4,95,5,
5736,2020-11-21,10.00.04,-3,4,94,6,
5737,2020-11-21,12.00.04,-1,8,94,3,
5738,2020-11-21,14.00.04,-0,4,93,5,
5739,2020-11-21,16.00.04,0,3,93,6,
5740,2020-11-21,18.00.04,0,4,96,0,
5741,2020-11-21,20.00.04,0,6,96,5,
5742,2020-11-21,22.00.04,0,9,97,3,
5743,2020-11-22,00.00.04,3,1,98,1,
5744,2020-11-22,02.00.04,3,3,98,4,
5745,2020-11-22,04.00.04,2,4,98,5,
5746,2020-11-22,06.00.04,2,4,98,8,
5747,2020-11-22,08.00.04,1,7,98,8,
5748,2020-11-22,10.00.04,2,6,98,7,
5749,2020-11-22,12.00.04,2,9,93,7,
5750,2020-11-22,14.00.04,3,2,91,4,
5751,2020-11-22,16.00.04,3,1,90,9,
5752,2020-11-22,18.00.04,3,4,89,4,
5753,2020-11-22,20.00.04,3,7,89,3,
5754,2020-11-22,22.00.04,3,6,89,9,
5755,2020-11-23,00.00.04,3,4,90,5,
5756,2020-11-23,02.00.04,3,2,91,3,
5757,2020-11-23,04.00.04,3,0,91,9,
5758,2020-11-23,06.00.04,2,9,90,9,
5759,2020-11-23,08.00.04,1,8,93,0,
5760,2020-11-23,10.00.04,2,6,92,4,
5761,2020-11-23,12.00.04,3,3,91,5,
5762,2020-11-23,14.00.04,3,6,93,0,
5763,2020-11-23,16.00.04,3,7,95,0,
5764,2020-11-23,18.00.04,2,9,92,8,
5765,2020-11-23,20.00.04,0,9,93,9,
5766,2020-11-23,22.00.04,1,4,94,4,
5767,2020-11-24,00.00.04,1,1,94,4,
5768,2020-11-24,02.00.04,1,0,95,1,
5769,2020-11-24,04.00.04,0,6,93,7,
5770,2020-11-24,06.00.04,0,9,92,8,
5771,2020-11-24,08.00.04,0,7,91,8,
5772,2020-11-24,10.00.04,0,4,93,3,
5773,2020-11-24,12.00.04,0,7,91,7,
5774,2020-11-24,14.00.04,0,8,90,7,
5775,2020-11-24,16.00.04,0,2,91,9,
5776,2020-11-24,18.00.04,-1,0,94,6,
5777,2020-11-24,20.00.04,-0,8,93,5,
5778,2020-11-24,22.00.04,-1,0,93,4,
5779,2020-11-25,00.00.04,-1,1,94,2,
5780,2020-11-25,02.00.04,-1,7,94,8,
5781,2020-11-25,04.00.04,-1,9,95,8,
5782,2020-11-25,06.00.04,-2,3,95,4,
5783,2020-11-25,08.00.04,-2,3,95,7,
5784,2020-11-25,10.00.04,-2,2,95,5,
5785,2020-11-25,12.00.04,-1,9,95,4,
5786,2020-11-25,14.00.04,-1,1,96,2,
5787,2020-11-25,16.00.04,-0,1,96,7,
5788,2020-11-25,18.00.04,0,2,97,6,
5789,2020-11-25,20.00.04,1,0,98,1,
5790,2020-11-25,22.00.04,2,8,98,4,
5791,2020-11-26,00.00.04,5,0,98,7,
5792,2020-11-26,02.00.04,5,6,98,6,
5793,2020-11-26,04.00.04,5,7,98,4,
5794,2020-11-26,06.00.04,4,3,97,9,
5795,2020-11-26,08.00.04,4,0,97,8,
5796,2020-11-26,10.00.04,3,5,96,6,
5797,2020-11-26,12.00.04,3,0,95,7,
5798,2020-11-26,14.00.04,2,4,94,8,
5799,2020-11-26,16.00.04,1,5,93,6,
5800,2020-11-26,18.00.04,0,0,92,1,
5801,2020-11-26,20.00.04,-0,3,92,0,
5802,2020-11-26,22.00.04,-0,8,90,3,
5803,2020-11-27,00.00.04,-0,9,87,6,
5804,2020-11-27,02.00.04,-0,8,89,1,
5805,2020-11-27,04.00.04,-0,8,90,2,
5806,2020-11-27,06.00.04,-1,1,91,4,
5807,2020-11-27,08.00.04,-1,2,91,6,
5808,2020-11-27,10.00.04,-1,2,91,2,
5809,2020-11-27,12.00.04,-1,0,91,0,
5810,2020-11-27,14.00.04,-1,1,90,0,
5811,2020-11-27,16.00.04,-1,2,90,6,
5812,2020-11-27,18.00.04,-1,2,91,7,
5813,2020-11-27,20.00.04,-1,5,92,9,
5814,2020-11-27,22.00.04,-1,2,93,1,
5815,2020-11-28,00.00.04,-1,0,93,6,
5816,2020-11-28,02.00.04,-1,0,94,1,
5817,2020-11-28,04.00.04,-1,4,94,0,
5818,2020-11-28,06.00.04,-1,3,92,1,
5819,2020-11-28,08.00.04,-1,4,92,5,
5820,2020-11-28,10.00.04,-1,4,92,3,
5821,2020-11-28,12.00.04,-1,0,91,5,
5822,2020-11-28,14.00.04,-0,6,90,8,
5823,2020-11-28,16.00.04,-0,7,92,1,
5824,2020-11-28,18.00.04,-0,9,92,4,
5825,2020-11-28,20.00.04,-1,0,93,2,
5826,2020-11-28,22.00.04,-1,0,93,9,
5827,2020-11-29,00.00.04,-0,9,94,1,
5828,2020-11-29,02.00.04,-0,9,94,4,
5829,2020-11-29,04.00.04,-0,9,94,5,
5830,2020-11-29,06.00.04,-0,9,94,2,
5831,2020-11-29,08.00.04,-0,7,93,4,
5832,2020-11-29,10.00.04,-0,7,94,1,
5833,2020-11-29,12.00.04,-0,4,94,6,
5834,2020-11-29,14.00.04,0,0,94,2,
5835,2020-11-29,16.00.04,-0,3,94,4,
5836,2020-11-29,18.00.04,-0,5,94,4,
5837,2020-11-29,20.00.04,-0,5,94,0,
5838,2020-11-29,22.00.04,-0,9,91,9,
5839,2020-11-30,00.00.04,-1,1,91,7,
5840,2020-11-30,02.00.04,-1,6,92,7,
5841,2020-11-30,04.00.04,-3,1,95,0,
5842,2020-11-30,06.00.04,-2,1,94,4,
5843,2020-11-30,08.00.04,-1,8,94,2,
5844,2020-11-30,10.00.04,-1,7,94,7,
5845,2020-11-30,12.00.04,-1,4,95,4,
5846,2020-11-30,14.00.04,-0,9,95,8,
5847,2020-11-30,16.00.04,-0,8,95,5,
5848,2020-11-30,18.00.04,-0,7,96,0,
5849,2020-11-30,20.00.04,-0,6,96,3,
5850,2020-11-30,22.00.04,-0,4,96,6,
5851,2020-12-01,00.00.04,-0,3,95,8,
5852,2020-12-01,02.00.04,-0,2,95,7,
5853,2020-12-01,04.00.04,-0,2,94,9,
5854,2020-12-01,06.00.04,-0,1,95,5,
5855,2020-12-01,08.00.04,0,1,96,5,
5856,2020-12-01,10.00.04,0,2,97,0,
5857,2020-12-01,12.00.04,0,8,97,7,
5858,2020-12-01,14.00.04,1,4,97,8,
5859,2020-12-01,16.00.04,1,0,97,5,
5860,2020-12-01,18.00.04,0,9,97,3,
5861,2020-12-01,20.00.04,1,0,96,5,
5862,2020-12-01,22.00.04,0,9,97,1,
5863,2020-12-02,00.00.04,0,7,97,1,
5864,2020-12-02,02.00.04,0,5,97,3,
5865,2020-12-02,04.00.04,0,1,97,6,
5866,2020-12-02,06.00.04,0,2,97,9,
5867,2020-12-02,08.00.04,0,3,98,1,
5868,2020-12-02,10.00.04,0,4,98,3,
5869,2020-12-02,12.00.04,0,6,98,3,
5870,2020-12-02,14.00.04,1,1,98,0,
5871,2020-12-02,16.00.04,1,9,98,0,
5872,2020-12-02,18.00.04,1,4,96,9,
5873,2020-12-02,20.00.04,1,0,96,0,
5874,2020-12-02,22.00.04,0,5,94,6,
5875,2020-12-03,00.00.04,-0,1,94,6,
5876,2020-12-03,02.00.04,-0,3,93,9,
5877,2020-12-03,04.00.04,-0,4,92,8,
5878,2020-12-03,06.00.04,-0,7,92,3,
5879,2020-12-03,08.00.04,-0,9,91,5,
5880,2020-12-03,10.00.04,-1,3,87,0,
5881,2020-12-03,12.00.04,-1,5,87,7,
5882,2020-12-03,14.00.04,-1,8,88,5,
5883,2020-12-03,16.00.04,-2,0,91,2,
5884,2020-12-03,18.00.04,-1,9,92,7,
5885,2020-12-03,20.00.04,-1,5,91,7,
5886,2020-12-03,22.00.04,-1,3,88,8,
5887,2020-12-04,00.00.04,-1,3,89,0,
5888,2020-12-04,02.00.04,-1,4,86,4,
5889,2020-12-04,04.00.04,-1,4,89,2,
5890,2020-12-04,06.00.04,-1,0,91,5,
5891,2020-12-04,08.00.04,-0,4,91,4,
5892,2020-12-04,10.00.04,-0,5,92,3,
5893,2020-12-04,12.00.04,-0,2,91,1,
5894,2020-12-04,14.00.04,-0,4,94,8,
5895,2020-12-04,16.00.04,-0,5,95,4,
5896,2020-12-04,18.00.04,-0,6,95,2,
5897,2020-12-04,20.00.04,-0,3,95,7,
5898,2020-12-04,22.00.04,-0,1,95,7,
5899,2020-12-05,00.00.04,0,1,95,7,
5900,2020-12-05,02.00.04,0,2,95,7,
5901,2020-12-05,04.00.04,0,2,96,3,
5902,2020-12-05,06.00.04,0,2,96,8,
5903,2020-12-05,08.00.04,0,3,97,4,
5904,2020-12-05,10.00.04,0,5,97,9,
5905,2020-12-05,12.00.04,0,8,98,1,
5906,2020-12-05,14.00.04,1,3,98,6,
5907,2020-12-05,16.00.04,1,7,98,9,
5908,2020-12-05,18.00.04,1,9,99,1,
5909,2020-12-05,20.00.04,2,2,99,1,
5910,2020-12-05,22.00.04,2,4,99,2,
5911,2020-12-06,00.00.04,2,5,99,3,
5912,2020-12-06,02.00.04,2,4,99,3,
5913,2020-12-06,04.00.04,2,4,99,4,
5914,2020-12-06,06.00.04,2,3,99,4,
5915,2020-12-06,08.00.04,2,2,99,4,
5916,2020-12-06,10.00.04,2,1,99,5,
5917,2020-12-06,12.00.04,2,2,99,5,
5918,2020-12-06,14.00.04,2,4,99,4,
5919,2020-12-06,16.00.04,2,6,99,4,
5920,2020-12-06,18.00.04,2,5,99,4,
5921,2020-12-06,20.00.04,2,3,99,3,
5922,2020-12-06,22.00.04,2,0,99,2,
5923,2020-12-07,00.00.04,1,8,99,0,
5924,2020-12-07,02.00.04,1,5,99,0,
5925,2020-12-07,04.00.04,1,5,99,1,
5926,2020-12-07,06.00.04,1,5,99,1,
5927,2020-12-07,08.00.04,1,1,99,0,
5928,2020-12-07,10.00.04,0,1,97,7,
5929,2020-12-07,12.00.04,-0,9,97,4,
5930,2020-12-07,14.00.04,-1,6,94,6,
5931,2020-12-07,16.00.04,-2,0,93,9,
5932,2020-12-07,18.00.04,-2,5,93,2,
5933,2020-12-07,20.00.04,-2,8,92,5,
5934,2020-12-07,22.00.04,-2,8,92,3,
5935,2020-12-08,00.00.04,-2,6,91,4,
5936,2020-12-08,02.00.04,-3,5,92,7,
5937,2020-12-08,04.00.04,-4,1,92,9,
5938,2020-12-08,06.00.04,-4,3,92,4,
5939,2020-12-08,08.00.04,-4,4,91,5,
5940,2020-12-08,10.00.04,-5,8,93,9,
5941,2020-12-08,12.00.04,-5,3,94,3,
5942,2020-12-08,14.00.04,-3,5,92,3,
5943,2020-12-08,16.00.04,-3,5,92,1,
5944,2020-12-08,18.00.04,-3,9,92,9,
5945,2020-12-08,20.00.04,-3,8,93,3,
5946,2020-12-08,22.00.04,-4,4,95,2,
5947,2020-12-09,00.00.04,-3,9,94,1,
5948,2020-12-09,02.00.04,-4,0,93,8,
5949,2020-12-09,04.00.04,-4,2,93,8,
5950,2020-12-09,06.00.04,-4,8,94,3,
5951,2020-12-09,08.00.04,-4,9,94,7,
5952,2020-12-09,10.00.04,-4,0,89,9,
5953,2020-12-09,12.00.04,-4,1,90,5,
5954,2020-12-09,14.00.04,-4,2,90,5,
5955,2020-12-09,16.00.04,-4,2,89,4,
5956,2020-12-09,18.00.04,-4,4,93,0,
5957,2020-12-09,20.00.04,-4,0,93,0,
5958,2020-12-09,22.00.04,-3,7,93,1,
5959,2020-12-10,00.00.04,-3,4,93,3,
5960,2020-12-10,02.00.04,-3,2,93,6,
5961,2020-12-10,04.00.04,-3,1,94,6,
5962,2020-12-10,06.00.04,-4,6,94,1,
5963,2020-12-10,08.00.04,-6,2,94,8,
5964,2020-12-10,10.00.04,-5,4,94,6,
5965,2020-12-10,12.00.04,-4,6,94,5,
5966,2020-12-10,14.00.04,-4,2,95,0,
5967,2020-12-10,16.00.04,-3,9,95,0,
5968,2020-12-10,18.00.04,-3,8,94,8,
5969,2020-12-10,20.00.04,-3,6,93,6,
5970,2020-12-10,22.00.04,-3,5,93,1,
5971,2020-12-11,00.00.04,-3,4,92,9,
5972,2020-12-11,02.00.04,-3,3,93,4,
5973,2020-12-11,04.00.04,-3,1,94,0,
5974,2020-12-11,06.00.04,-3,2,92,7,
5975,2020-12-11,08.00.04,-4,0,91,6,
5976,2020-12-11,10.00.04,-5,1,92,6,
5977,2020-12-11,12.00.04,-5,0,94,0,
5978,2020-12-11,14.00.04,-4,6,92,4,
5979,2020-12-11,16.00.04,-4,6,92,0,
5980,2020-12-11,18.00.04,-4,6,92,8,
5981,2020-12-11,20.00.04,-4,6,93,5,
5982,2020-12-11,22.00.04,-4,5,94,3,
5983,2020-12-12,00.00.04,-4,2,95,5,
5984,2020-12-12,02.00.04,-3,8,95,2,
5985,2020-12-12,04.00.04,-3,6,95,1,
5986,2020-12-12,06.00.04,-3,4,95,1,
5987,2020-12-12,08.00.04,-3,0,96,1,
5988,2020-12-12,10.00.04,-2,4,96,8,
5989,2020-12-12,12.00.04,-2,0,96,6,
5990,2020-12-12,14.00.04,-1,6,96,5,
5991,2020-12-12,16.00.04,-1,2,96,8,
5992,2020-12-12,18.00.04,-0,8,97,3,
5993,2020-12-12,20.00.04,-0,5,97,6,
5994,2020-12-12,22.00.04,-0,6,97,7,
5995,2020-12-13,00.00.04,-1,0,97,0,
5996,2020-12-13,02.00.04,-1,4,96,0,
5997,2020-12-13,04.00.04,-1,7,95,9,
5998,2020-12-13,06.00.04,-1,7,96,4,
5999,2020-12-13,08.00.04,-3,0,94,3,
6000,2020-12-13,10.00.04,-3,6,94,1,
6001,2020-12-13,12.00.04,-3,6,93,4,
6002,2020-12-13,14.00.04,-4,1,93,3,
6003,2020-12-13,16.00.04,-3,7,92,6,
6004,2020-12-13,18.00.04,-3,8,93,4,
6005,2020-12-13,20.00.04,-3,9,94,1,
6006,2020-12-13,22.00.04,-3,9,94,6,
6007,2020-12-14,00.00.04,-3,7,95,0,
6008,2020-12-14,02.00.04,-3,6,95,1,
6009,2020-12-14,04.00.04,-3,6,95,3,
6010,2020-12-14,06.00.04,-3,7,95,5,
6011,2020-12-14,08.00.04,-3,4,95,7,
6012,2020-12-14,10.00.04,-3,2,95,7,
6013,2020-12-14,12.00.04,-2,9,95,6,
6014,2020-12-14,14.00.04,-2,6,95,3,
6015,2020-12-14,16.00.04,-2,7,95,1,
6016,2020-12-14,18.00.04,-2,8,95,4,
6017,2020-12-14,20.00.04,-3,1,95,2,
6018,2020-12-14,22.00.04,-3,3,95,6,
6019,2020-12-15,00.00.04,-3,3,95,5,
6020,2020-12-15,02.00.04,-3,3,95,3,
6021,2020-12-15,04.00.04,-3,2,94,9,
6022,2020-12-15,06.00.04,-2,9,94,3,
6023,2020-12-15,08.00.04,-2,6,93,2,
6024,2020-12-15,10.00.04,-2,3,93,9,
6025,2020-12-15,12.00.04,-1,8,95,0,
6026,2020-12-15,14.00.04,-1,2,96,1,
6027,2020-12-15,16.00.04,-0,5,96,4,
6028,2020-12-15,18.00.04,0,2,97,2,
6029,2020-12-15,20.00.04,0,4,97,3,
6030,2020-12-15,22.00.04,0,7,97,9,
6031,2020-12-16,00.00.04,0,9,98,2,
6032,2020-12-16,02.00.04,1,2,98,5,
6033,2020-12-16,04.00.04,1,3,98,6,
6034,2020-12-16,06.00.04,1,3,98,7,
6035,2020-12-16,08.00.04,0,4,98,5,
6036,2020-12-16,10.00.04,0,2,98,4,
6037,2020-12-16,12.00.04,0,2,98,4,
6038,2020-12-16,14.00.04,0,2,98,4,
6039,2020-12-16,16.00.04,0,3,98,4,
6040,2020-12-16,18.00.04,0,7,98,7,
6041,2020-12-16,20.00.04,1,5,98,9,
6042,2020-12-16,22.00.04,0,4,98,8,
6043,2020-12-17,00.00.04,0,2,98,7,
6044,2020-12-17,02.00.04,0,1,98,7,
6045,2020-12-17,04.00.04,-0,2,98,3,
6046,2020-12-17,06.00.04,-1,2,96,4,
6047,2020-12-17,08.00.04,-1,0,96,1,
6048,2020-12-17,10.00.04,-1,0,96,1,
6049,2020-12-17,12.00.04,-1,0,96,0,
6050,2020-12-17,14.00.04,-0,8,96,0,
6051,2020-12-17,16.00.04,-0,9,96,4,
6052,2020-12-17,18.00.04,-0,9,97,0,
6053,2020-12-17,20.00.04,-0,9,97,2,
6054,2020-12-17,22.00.04,-0,9,97,1,
6055,2020-12-18,00.00.04,-1,1,96,4,
6056,2020-12-18,02.00.04,-1,2,95,7,
6057,2020-12-18,04.00.04,-1,5,95,9,
6058,2020-12-18,06.00.04,-1,2,96,4,
6059,2020-12-18,08.00.04,-0,6,96,8,
6060,2020-12-18,10.00.04,-0,3,97,0,
6061,2020-12-18,12.00.04,-0,2,97,0,
6062,2020-12-18,14.00.04,-0,1,96,9,
6063,2020-12-18,16.00.04,-0,3,96,8,
6064,2020-12-18,18.00.04,-0,4,97,1,
6065,2020-12-18,20.00.04,-0,5,97,2,
6066,2020-12-18,22.00.04,-0,4,97,5,
6067,2020-12-19,00.00.04,-0,3,97,7,
6068,2020-12-19,02.00.04,-0,1,98,1,
6069,2020-12-19,04.00.04,0,0,98,4,
6070,2020-12-19,06.00.04,0,1,98,6,
6071,2020-12-19,08.00.04,0,0,98,7,
6072,2020-12-19,10.00.04,0,1,98,7,
6073,2020-12-19,12.00.04,0,1,98,8,
6074,2020-12-19,14.00.04,0,3,98,8,
6075,2020-12-19,16.00.04,0,5,99,0,
6076,2020-12-19,18.00.04,1,0,99,2,
6077,2020-12-19,20.00.04,1,8,99,4,
6078,2020-12-19,22.00.04,2,8,99,5,
6079,2020-12-20,00.00.04,2,9,99,6,
6080,2020-12-20,02.00.04,3,6,99,7,
6081,2020-12-20,04.00.04,3,7,99,6,
6082,2020-12-20,06.00.04,3,4,99,5,
6083,2020-12-20,08.00.04,2,7,99,4,
6084,2020-12-20,10.00.04,3,0,99,3,
6085,2020-12-20,12.00.04,3,8,99,2,
6086,2020-12-20,14.00.04,4,0,98,0,
6087,2020-12-20,16.00.04,3,6,96,7,
6088,2020-12-20,18.00.04,4,2,97,8,
6089,2020-12-20,20.00.04,4,4,98,2,
6090,2020-12-20,22.00.04,4,7,98,5,
6091,2020-12-21,00.00.04,4,7,98,6,
6092,2020-12-21,02.00.04,4,8,98,8,
6093,2020-12-21,04.00.04,4,9,98,8,
6094,2020-12-21,06.00.04,5,0,98,8,
6095,2020-12-21,08.00.04,4,2,98,6,
6096,2020-12-21,10.00.04,3,6,98,3,
6097,2020-12-21,12.00.04,3,5,98,1,
6098,2020-12-21,14.00.04,3,4,97,1,
6099,2020-12-21,16.00.04,2,1,96,5,
6100,2020-12-21,18.00.04,0,7,97,2,
6101,2020-12-21,20.00.04,1,3,97,9,
6102,2020-12-21,22.00.04,2,4,98,4,
6103,2020-12-22,00.00.04,3,5,98,6,
6104,2020-12-22,02.00.04,3,9,98,7,
6105,2020-12-22,04.00.04,4,0,98,8,
6106,2020-12-22,06.00.04,3,7,98,6,
6107,2020-12-22,08.00.04,3,3,98,2,
6108,2020-12-22,10.00.04,2,9,98,2,
6109,2020-12-22,12.00.04,2,5,98,2,
6110,2020-12-22,14.00.04,2,8,97,3,
6111,2020-12-22,16.00.04,2,8,97,0,
6112,2020-12-22,18.00.04,2,8,96,9,
6113,2020-12-22,20.00.04,2,8,96,7,
6114,2020-12-22,22.00.04,2,4,96,6,
6115,2020-12-23,00.00.04,2,1,96,5,
6116,2020-12-23,02.00.04,1,8,97,4,
6117,2020-12-23,04.00.04,1,3,97,5,
6118,2020-12-23,06.00.04,0,2,97,2,
6119,2020-12-23,08.00.04,0,1,97,5,
6120,2020-12-23,10.00.04,0,0,97,5,
6121,2020-12-23,12.00.04,-0,1,97,2,
6122,2020-12-23,14.00.04,-0,2,96,8,
6123,2020-12-23,16.00.04,-0,3,97,0,
6124,2020-12-23,18.00.04,-0,2,97,4,
6125,2020-12-23,20.00.04,-0,1,97,8,
6126,2020-12-23,22.00.04,0,1,98,3,
6127,2020-12-24,00.00.04,0,1,98,5,
6128,2020-12-24,02.00.04,0,1,98,6,
6129,2020-12-24,04.00.04,0,0,98,8,
6130,2020-12-24,06.00.04,0,0,98,8,
6131,2020-12-24,08.00.04,0,0,98,9,
6132,2020-12-24,10.00.04,0,1,98,9,
6133,2020-12-24,12.00.04,0,1,98,9,
6134,2020-12-24,14.00.04,0,1,98,8,
6135,2020-12-24,16.00.04,0,1,98,7,
6136,2020-12-24,18.00.04,0,0,98,7,
6137,2020-12-24,20.00.04,0,0,98,7,
6138,2020-12-24,22.00.04,-0,3,98,5,
6139,2020-12-25,00.00.04,-0,5,98,2,
6140,2020-12-25,02.00.04,-0,8,97,6,
6141,2020-12-25,04.00.04,-0,7,97,7,
6142,2020-12-25,06.00.04,-0,4,98,0,
6143,2020-12-25,08.00.04,-0,8,97,6,
6144,2020-12-25,10.00.04,-0,6,97,5,
6145,2020-12-25,12.00.04,-0,5,97,5,
6146,2020-12-25,14.00.04,-0,8,96,8,
6147,2020-12-25,16.00.04,-1,1,96,5,
6148,2020-12-25,18.00.04,-1,4,96,2,
6149,2020-12-25,20.00.04,-2,0,95,3,
6150,2020-12-25,22.00.04,-2,4,95,3,
6151,2020-12-26,00.00.04,-3,1,95,0,
6152,2020-12-26,02.00.04,-3,4,95,0,
6153,2020-12-26,04.00.04,-3,5,94,8,
6154,2020-12-26,06.00.04,-3,7,94,8,
6155,2020-12-26,08.00.04,-3,8,94,9,
6156,2020-12-26,10.00.04,-4,4,94,6,
6157,2020-12-26,12.00.04,-4,4,95,0,
6158,2020-12-26,14.00.04,-4,4,95,1,
6159,2020-12-26,16.00.04,-4,6,95,0,
6160,2020-12-26,18.00.04,-4,7,95,3,
6161,2020-12-26,20.00.04,-4,8,95,2,
6162,2020-12-26,22.00.04,-3,9,95,7,
6163,2020-12-27,00.00.04,-3,6,95,3,
6164,2020-12-27,02.00.04,-3,6,94,9,
6165,2020-12-27,04.00.04,-3,7,95,0,
6166,2020-12-27,06.00.04,-3,1,95,3,
6167,2020-12-27,08.00.04,-2,5,95,4,
6168,2020-12-27,10.00.04,-1,5,95,8,
6169,2020-12-27,12.00.04,-0,9,95,8,
6170,2020-12-27,14.00.04,-0,1,95,5,
6171,2020-12-27,16.00.04,-0,3,95,3,
6172,2020-12-27,18.00.04,-0,8,95,5,
6173,2020-12-27,20.00.04,-0,9,95,8,
6174,2020-12-27,22.00.04,-0,5,95,9,
6175,2020-12-28,00.00.04,-0,4,94,7,
6176,2020-12-28,02.00.04,-1,1,93,7,
6177,2020-12-28,04.00.04,-1,6,93,3,
6178,2020-12-28,06.00.04,-1,9,92,9,
6179,2020-12-28,08.00.04,-2,2,92,9,
6180,2020-12-28,10.00.04,-2,5,93,2,
6181,2020-12-28,12.00.04,-2,3,92,7,
6182,2020-12-28,14.00.04,-1,4,93,7,
6183,2020-12-28,16.00.04,-1,7,93,5,
6184,2020-12-28,18.00.04,-1,8,93,8,
6185,2020-12-28,20.00.04,-1,4,94,3,
6186,2020-12-28,22.00.04,-1,2,94,3,
6187,2020-12-29,00.00.04,-1,0,95,3,
6188,2020-12-29,02.00.04,-0,7,95,6,
6189,2020-12-29,04.00.04,-0,6,95,0,
6190,2020-12-29,06.00.04,-0,9,95,1,
6191,2020-12-29,08.00.04,-0,9,94,4,
6192,2020-12-29,10.00.04,-1,1,95,3,
6193,2020-12-29,12.00.04,-1,0,94,7,
6194,2020-12-29,14.00.04,-1,0,94,4,
6195,2020-12-29,16.00.04,-1,3,94,8,
6196,2020-12-29,18.00.04,-1,7,95,7,
6197,2020-12-29,20.00.04,-2,0,95,7,
6198,2020-12-29,22.00.04,-2,1,95,7,
6199,2020-12-30,00.00.04,-2,2,95,1,
6200,2020-12-30,02.00.04,-2,2,96,2,
6201,2020-12-30,04.00.04,-2,0,96,0,
6202,2020-12-30,06.00.04,-2,2,95,7,
6203,2020-12-30,08.00.04,-2,3,95,7,
6204,2020-12-30,10.00.04,-2,2,95,7,
6205,2020-12-30,12.00.04,-1,9,95,7,
6206,2020-12-30,14.00.04,-1,5,95,9,
6207,2020-12-30,16.00.04,-1,2,96,5,
6208,2020-12-30,18.00.04,-0,6,97,4,
6209,2020-12-30,20.00.04,0,2,97,7,
6210,2020-12-30,22.00.04,0,3,97,8,
6211,2020-12-31,00.00.04,0,9,97,9,
6212,2020-12-31,02.00.04,0,8,97,6,
6213,2020-12-31,04.00.04,1,2,97,5,
6214,2020-12-31,06.00.04,0,8,96,8,
6215,2020-12-31,08.00.04,0,4,97,0,
6216,2020-12-31,10.00.04,0,0,96,2,
6217,2020-12-31,12.00.04,0,2,97,6,
6218,2020-12-31,14.00.04,0,3,98,0,
6219,2020-12-31,16.00.04,0,2,98,2,
6220,2020-12-31,18.00.04,0,1,98,4,
6221,2020-12-31,20.00.04,0,0,98,6,
6222,2020-12-31,22.00.04,0,0,98,7,
6223,2021-01-01,00.00.04,0,0,98,7,
6224,2021-01-01,02.00.04,-0,1,98,8,
6225,2021-01-01,04.00.04,-0,1,98,8,
6226,2021-01-01,06.00.04,-0,3,98,7,
6227,2021-01-01,08.00.04,-0,4,98,7,
6228,2021-01-01,10.00.04,-0,5,98,7,
6229,2021-01-01,12.00.04,-0,9,98,6,
6230,2021-01-01,14.00.04,-0,6,98,6,
6231,2021-01-01,16.00.04,-0,2,98,6,
6232,2021-01-01,18.00.04,-0,2,98,7,
6233,2021-01-01,20.00.04,-0,1,98,8,
6234,2021-01-01,22.00.04,-0,2,98,9,
6235,2021-01-02,00.00.04,-0,2,98,9,
6236,2021-01-02,02.00.04,-0,2,99,0,
6237,2021-01-02,04.00.04,-0,7,99,0,
6238,2021-01-02,06.00.04,-1,0,98,9,
6239,2021-01-02,08.00.04,-2,0,97,0,
6240,2021-01-02,10.00.04,-2,2,96,4,
6241,2021-01-02,12.00.04,-2,3,95,9,
6242,2021-01-02,14.00.04,-2,3,95,4,
6243,2021-01-02,16.00.04,-2,6,95,6,
6244,2021-01-02,18.00.04,-3,0,95,1,
6245,2021-01-02,20.00.04,-3,6,94,7,
6246,2021-01-02,22.00.04,-4,0,94,6,
6247,2021-01-03,00.00.04,-4,1,94,9,
6248,2021-01-03,02.00.04,-4,5,94,9,
6249,2021-01-03,04.00.04,-4,7,95,0,
6250,2021-01-03,06.00.04,-4,8,94,6,
6251,2021-01-03,08.00.04,-4,9,94,8,
6252,2021-01-03,10.00.04,-4,8,94,7,
6253,2021-01-03,12.00.04,-4,7,94,7,
6254,2021-01-03,14.00.04,-4,3,94,6,
6255,2021-01-03,16.00.04,-4,2,94,7,
6256,2021-01-03,18.00.04,-4,1,94,9,
6257,2021-01-03,20.00.04,-4,1,95,0,
6258,2021-01-03,22.00.04,-4,1,94,8,
6259,2021-01-04,00.00.04,-4,1,94,9,
6260,2021-01-04,02.00.04,-4,4,94,6,
6261,2021-01-04,04.00.04,-4,8,94,7,
6262,2021-01-04,06.00.04,-5,1,94,9,
6263,2021-01-04,08.00.04,-4,9,95,0,
6264,2021-01-04,10.00.04,-4,8,95,0,
6265,2021-01-04,12.00.04,-4,7,95,0,
6266,2021-01-04,14.00.04,-5,1,94,9,
6267,2021-01-04,16.00.04,-5,8,95,2,
6268,2021-01-04,18.00.04,-6,3,95,1,
6269,2021-01-04,20.00.04,-7,3,94,6,
6270,2021-01-04,22.00.04,-8,3,94,7,
6271,2021-01-05,00.00.04,-8,8,94,8,
6272,2021-01-05,02.00.04,-9,1,94,8,
6273,2021-01-05,04.00.04,-10,0,94,8,
6274,2021-01-05,06.00.04,-10,2,94,8,
6275,2021-01-05,08.00.04,-10,4,94,7,
6276,2021-01-05,10.00.04,-10,2,94,7,
6277,2021-01-05,12.00.04,-9,4,94,1,
6278,2021-01-05,14.00.04,-8,6,94,0,
6279,2021-01-05,16.00.04,-8,1,94,3,
6280,2021-01-05,18.00.04,-7,9,94,4,
6281,2021-01-05,20.00.04,-7,9,94,4,
6282,2021-01-05,22.00.04,-7,8,94,3,
6283,2021-01-06,00.00.04,-7,6,94,4,
6284,2021-01-06,02.00.04,-8,1,94,1,
6285,2021-01-06,04.00.04,-9,0,94,0,
6286,2021-01-06,06.00.04,-9,3,94,4,
6287,2021-01-06,08.00.04,-9,0,94,6,
6288,2021-01-06,10.00.04,-8,5,94,4,
6289,2021-01-06,12.00.04,-8,0,94,3,
6290,2021-01-06,14.00.04,-7,5,93,9,
6291,2021-01-06,16.00.04,-8,8,93,9,
6292,2021-01-06,18.00.04,-8,2,94,4,
6293,2021-01-06,20.00.04,-7,9,94,3,
6294,2021-01-06,22.00.04,-7,7,94,4,
6295,2021-01-07,00.00.04,-7,1,94,7,
6296,2021-01-07,02.00.04,-6,5,95,0,
6297,2021-01-07,04.00.04,-6,0,95,0,
6298,2021-01-07,06.00.04,-5,4,95,2,
6299,2021-01-07,08.00.04,-4,9,95,4,
6300,2021-01-07,10.00.04,-4,4,95,4,
6301,2021-01-07,12.00.04,-4,3,95,1,
6302,2021-01-07,14.00.04,-4,5,94,6,
6303,2021-01-07,16.00.04,-4,8,94,7,
6304,2021-01-07,18.00.04,-5,2,94,8,
6305,2021-01-07,20.00.04,-5,4,94,7,
6306,2021-01-07,22.00.04,-5,6,94,7,
6307,2021-01-08,00.00.04,-6,0,94,7,
6308,2021-01-08,02.00.04,-6,4,94,7,
6309,2021-01-08,04.00.04,-6,3,94,7,
6310,2021-01-08,06.00.04,-6,2,94,7,
6311,2021-01-08,08.00.04,-6,5,94,5,
6312,2021-01-08,10.00.04,-6,7,94,6,
6313,2021-01-08,12.00.04,-6,7,94,4,
6314,2021-01-08,14.00.04,-6,1,93,9,
6315,2021-01-08,16.00.04,-6,1,94,3,
6316,2021-01-08,18.00.04,-6,3,94,9,
6317,2021-01-08,20.00.04,-6,4,94,8,
6318,2021-01-08,22.00.04,-6,7,94,6,
6319,2021-01-09,00.00.04,-6,7,94,6,
6320,2021-01-09,02.00.04,-6,9,94,6,
6321,2021-01-09,04.00.04,-7,4,94,5,
6322,2021-01-09,06.00.04,-8,3,94,6,
6323,2021-01-09,08.00.04,-8,7,94,3,
6324,2021-01-09,10.00.04,-8,9,94,2,
6325,2021-01-09,12.00.04,-8,6,94,1,
6326,2021-01-09,14.00.04,-8,5,93,9,
6327,2021-01-09,16.00.04,-8,8,94,0,
6328,2021-01-09,18.00.04,-9,6,93,8,
6329,2021-01-09,20.00.04,-14,2,91,2,
6330,2021-01-09,22.00.04,-17,4,91,0,
6331,2021-01-10,00.00.04,-19,4,91,9,
6332,2021-01-10,02.00.04,-17,9,94,3,
6333,2021-01-10,04.00.04,-12,4,94,0,
6334,2021-01-10,06.00.04,-14,0,93,2,
6335,2021-01-10,08.00.04,-12,1,94,0,
6336,2021-01-10,10.00.04,-11,0,93,9,
6337,2021-01-10,12.00.04,-9,6,94,1,
6338,2021-01-10,14.00.04,-8,2,94,2,
6339,2021-01-10,16.00.04,-6,8,94,5,
6340,2021-01-10,18.00.04,-5,6,94,9,
6341,2021-01-10,20.00.04,-4,9,95,4,
6342,2021-01-10,22.00.04,-4,1,94,9,
6343,2021-01-11,00.00.04,-3,7,94,9,
6344,2021-01-11,02.00.04,-3,4,95,2,
6345,2021-01-11,04.00.04,-3,4,95,1,
6346,2021-01-11,06.00.04,-3,2,95,3,
6347,2021-01-11,08.00.04,-2,8,95,6,
6348,2021-01-11,10.00.04,-2,6,95,7,
6349,2021-01-11,12.00.04,-2,1,95,7,
6350,2021-01-11,14.00.04,-1,6,95,5,
6351,2021-01-11,16.00.04,-1,8,95,7,
6352,2021-01-11,18.00.04,-1,9,96,0,
6353,2021-01-11,20.00.04,-2,0,96,0,
6354,2021-01-11,22.00.04,-2,3,95,8,
6355,2021-01-12,00.00.04,-2,6,95,2,
6356,2021-01-12,02.00.04,-3,6,95,6,
6357,2021-01-12,04.00.04,-4,1,95,5,
6358,2021-01-12,06.00.04,-4,8,95,3,
6359,2021-01-12,08.00.04,-5,7,94,6,
6360,2021-01-12,10.00.04,-6,4,94,6,
6361,2021-01-12,12.00.04,-6,8,94,5,
6362,2021-01-12,14.00.04,-6,3,93,9,
6363,2021-01-12,16.00.04,-5,7,93,5,
6364,2021-01-12,18.00.04,-5,4,93,6,
6365,2021-01-12,20.00.04,-5,6,93,7,
6366,2021-01-12,22.00.04,-6,3,93,1,
6367,2021-01-13,00.00.04,-7,1,93,7,
6368,2021-01-13,02.00.04,-7,6,93,6,
6369,2021-01-13,04.00.04,-7,5,93,7,
6370,2021-01-13,06.00.04,-7,7,93,2,
6371,2021-01-13,08.00.04,-9,0,92,9,
6372,2021-01-13,10.00.04,-10,0,92,7,
6373,2021-01-13,12.00.04,-11,5,92,2,
6374,2021-01-13,14.00.04,-11,5,91,8,
6375,2021-01-13,16.00.04,-12,5,92,0,
6376,2021-01-13,18.00.04,-13,2,91,9,
6377,2021-01-13,20.00.04,-14,2,91,6,
6378,2021-01-13,22.00.04,-14,6,91,9,
6379,2021-01-14,00.00.04,-14,8,92,1,
6380,2021-01-14,02.00.04,-15,4,91,1,
6381,2021-01-14,04.00.04,-16,4,90,9,
6382,2021-01-14,06.00.04,-17,2,90,5,
6383,2021-01-14,08.00.04,-19,6,90,0,
6384,2021-01-14,10.00.04,-20,9,89,9,
6385,2021-01-14,12.00.04,-22,0,89,4,
6386,2021-01-14,14.00.04,-21,6,87,5,
6387,2021-01-14,16.00.04,-21,7,88,0,
6388,2021-01-14,18.00.04,-23,9,88,0,
6389,2021-01-14,20.00.04,-24,7,88,1,
6390,2021-01-14,22.00.04,-25,3,87,8,
6391,2021-01-15,00.00.04,-26,0,87,0,
6392,2021-01-15,02.00.04,-26,4,88,1,
6393,2021-01-15,04.00.04,-27,7,87,8,
6394,2021-01-15,06.00.04,-27,8,86,7,
6395,2021-01-15,08.00.04,-27,7,87,1,
6396,2021-01-15,10.00.04,-26,4,88,4,
6397,2021-01-15,12.00.04,-24,9,90,4,
6398,2021-01-15,14.00.04,-20,0,90,9,
6399,2021-01-15,16.00.04,-17,3,92,8,
6400,2021-01-15,18.00.04,-15,2,93,4,
6401,2021-01-15,20.00.04,-14,3,93,4,
6402,2021-01-15,22.00.04,-12,3,93,7,
6403,2021-01-16,00.00.04,-11,4,93,8,
6404,2021-01-16,02.00.04,-10,5,94,2,
6405,2021-01-16,04.00.04,-9,3,94,4,
6406,2021-01-16,06.00.04,-9,9,93,9,
6407,2021-01-16,08.00.04,-11,1,93,7,
6408,2021-01-16,10.00.04,-12,3,93,3,
6409,2021-01-16,12.00.04,-15,0,92,5,
6410,2021-01-16,14.00.04,-14,3,92,0,
6411,2021-01-16,16.00.04,-15,6,91,7,
6412,2021-01-16,18.00.04,-15,6,93,7,
6413,2021-01-16,20.00.04,-13,5,93,7,
6414,2021-01-16,22.00.04,-11,8,94,6,
6415,2021-01-17,00.00.04,-11,0,94,5,
6416,2021-01-17,02.00.04,-10,1,94,6,
6417,2021-01-17,04.00.04,-9,5,94,5,
6418,2021-01-17,06.00.04,-8,4,94,8,
6419,2021-01-17,08.00.04,-7,7,94,6,
6420,2021-01-17,10.00.04,-7,2,94,7,
6421,2021-01-17,12.00.04,-6,5,94,6,
6422,2021-01-17,14.00.04,-5,7,94,4,
6423,2021-01-17,16.00.04,-5,1,94,8,
6424,2021-01-17,18.00.04,-5,2,95,4,
6425,2021-01-17,20.00.04,-5,6,95,0,
6426,2021-01-17,22.00.04,-6,1,94,6,
6427,2021-01-18,00.00.04,-6,5,94,7,
6428,2021-01-18,02.00.04,-6,9,94,6,
6429,2021-01-18,04.00.04,-7,1,94,4,
6430,2021-01-18,06.00.04,-8,7,94,7,
6431,2021-01-18,08.00.04,-8,3,94,6,
6432,2021-01-18,10.00.04,-8,2,94,8,
6433,2021-01-18,12.00.04,-7,2,94,3,
6434,2021-01-18,14.00.04,-6,7,94,4,
6435,2021-01-18,16.00.04,-6,2,94,6,
6436,2021-01-18,18.00.04,-5,8,95,0,
6437,2021-01-18,20.00.04,-5,1,95,2,
6438,2021-01-18,22.00.04,-4,4,95,4,
6439,2021-01-19,00.00.04,-3,9,95,7,
6440,2021-01-19,02.00.04,-3,4,95,9,
6441,2021-01-19,04.00.04,-3,0,96,3,
6442,2021-01-19,06.00.04,-2,5,96,5,
6443,2021-01-19,08.00.04,-2,0,96,8,
6444,2021-01-19,10.00.04,-1,8,96,5,
6445,2021-01-19,12.00.04,-1,9,96,3,
6446,2021-01-19,14.00.04,-1,8,96,1,
6447,2021-01-19,16.00.04,-1,8,95,9,
6448,2021-01-19,18.00.04,-2,0,96,2,
6449,2021-01-19,20.00.04,-1,9,96,3,
6450,2021-01-19,22.00.04,-1,9,96,6,
6451,2021-01-20,00.00.04,-1,7,97,0,
6452,2021-01-20,02.00.04,-1,9,96,2,
6453,2021-01-20,04.00.04,-1,7,96,3,
6454,2021-01-20,06.00.04,-2,3,95,5,
6455,2021-01-20,08.00.04,-3,0,95,4,
6456,2021-01-20,10.00.04,-3,5,95,0,
6457,2021-01-20,12.00.04,-3,4,94,4,
6458,2021-01-20,14.00.04,-3,2,92,3,
6459,2021-01-20,16.00.04,-5,4,93,8,
6460,2021-01-20,18.00.04,-6,5,93,3,
6461,2021-01-20,20.00.04,-6,5,93,9,
6462,2021-01-20,22.00.04,-6,2,94,2,
6463,2021-01-21,00.00.04,-5,8,94,6,
6464,2021-01-21,02.00.04,-5,7,94,5,
6465,2021-01-21,04.00.04,-5,6,95,2,
6466,2021-01-21,06.00.04,-6,0,94,6,
6467,2021-01-21,08.00.04,-6,7,93,9,
6468,2021-01-21,10.00.04,-7,5,93,9,
6469,2021-01-21,12.00.04,-8,1,93,4,
6470,2021-01-21,14.00.04,-7,9,93,1,
6471,2021-01-21,16.00.04,-8,2,93,2,
6472,2021-01-21,18.00.04,-8,3,93,5,
6473,2021-01-21,20.00.04,-8,3,93,1,
6474,2021-01-21,22.00.04,-8,3,93,5,
6475,2021-01-22,00.00.04,-8,1,94,1,
6476,2021-01-22,02.00.04,-7,9,93,4,
6477,2021-01-22,04.00.04,-7,2,94,2,
6478,2021-01-22,06.00.04,-6,6,95,1,
6479,2021-01-22,08.00.04,-5,8,95,6,
6480,2021-01-22,10.00.04,-5,3,95,7,
6481,2021-01-22,12.00.04,-4,5,96,0,
6482,2021-01-22,14.00.04,-3,5,96,0,
6483,2021-01-22,16.00.04,-3,6,96,0,
6484,2021-01-22,18.00.04,-3,8,95,9,
6485,2021-01-22,20.00.04,-3,8,95,6,
6486,2021-01-22,22.00.04,-3,2,96,2,
6487,2021-01-23,00.00.04,-2,1,96,4,
6488,2021-01-23,02.00.04,-0,3,97,8,
6489,2021-01-23,04.00.04,0,2,98,3,
6490,2021-01-23,06.00.04,0,3,98,4,
6491,2021-01-23,08.00.04,0,4,98,2,
6492,2021-01-23,10.00.04,0,7,97,7,
6493,2021-01-23,12.00.04,1,2,96,5,
6494,2021-01-23,14.00.04,1,5,96,3,
6495,2021-01-23,16.00.04,1,6,96,1,
6496,2021-01-23,18.00.04,1,3,95,4,
6497,2021-01-23,20.00.04,1,1,95,8,
6498,2021-01-23,22.00.04,1,1,95,6,
6499,2021-01-24,00.00.04,0,9,95,0,
6500,2021-01-24,02.00.04,0,8,95,1,
6501,2021-01-24,04.00.04,0,7,96,3,
6502,2021-01-24,06.00.04,0,5,97,3,
6503,2021-01-24,08.00.04,0,4,97,4,
6504,2021-01-24,10.00.04,0,2,97,6,
6505,2021-01-24,12.00.04,0,0,97,7,
6506,2021-01-24,14.00.04,0,1,97,8,
6507,2021-01-24,16.00.04,0,1,97,6,
6508,2021-01-24,18.00.04,0,0,97,8,
6509,2021-01-24,20.00.04,-0,1,98,0,
6510,2021-01-24,22.00.04,-0,1,98,2,
6511,2021-01-25,00.00.04,-0,2,98,2,
6512,2021-01-25,02.00.04,-0,2,98,2,
6513,2021-01-25,04.00.04,-0,3,98,1,
6514,2021-01-25,06.00.04,-0,3,97,9,
6515,2021-01-25,08.00.04,-0,3,97,9,
6516,2021-01-25,10.00.04,-0,3,97,9,
6517,2021-01-25,12.00.04,0,0,97,9,
6518,2021-01-25,14.00.04,0,2,97,1,
6519,2021-01-25,16.00.04,0,1,97,1,
6520,2021-01-25,18.00.04,0,0,97,5,
6521,2021-01-25,20.00.04,0,1,97,4,
6522,2021-01-25,22.00.04,0,1,96,6,
6523,2021-01-26,00.00.04,0,0,96,8,
6524,2021-01-26,02.00.04,-0,1,96,7,
6525,2021-01-26,04.00.04,-0,1,97,0,
6526,2021-01-26,06.00.04,-0,1,96,8,
6527,2021-01-26,08.00.04,-0,2,96,5,
6528,2021-01-26,10.00.04,-0,4,96,7,
6529,2021-01-26,12.00.04,-0,1,96,4,
6530,2021-01-26,14.00.04,-0,3,94,9,
6531,2021-01-26,16.00.04,-0,7,95,0,
6532,2021-01-26,18.00.04,-1,3,95,7,
6533,2021-01-26,20.00.04,-1,4,95,8,
6534,2021-01-26,22.00.04,-1,6,95,6,
6535,2021-01-27,00.00.04,-1,5,95,7,
6536,2021-01-27,02.00.04,-1,5,95,9,
6537,2021-01-27,04.00.04,-1,6,95,9,
6538,2021-01-27,06.00.04,-2,2,95,3,
6539,2021-01-27,08.00.04,-3,0,94,8,
6540,2021-01-27,10.00.04,-3,6,94,5,
6541,2021-01-27,12.00.04,-3,8,94,0,
6542,2021-01-27,14.00.04,-3,6,93,7,
6543,2021-01-27,16.00.04,-3,4,94,1,
6544,2021-01-27,18.00.04,-3,7,95,0,
6545,2021-01-27,20.00.04,-3,3,95,6,
6546,2021-01-27,22.00.04,-3,0,95,9,
6547,2021-01-28,00.00.04,-2,9,95,8,
6548,2021-01-28,02.00.04,-3,0,95,7,
6549,2021-01-28,04.00.04,-3,4,95,4,
6550,2021-01-28,06.00.04,-4,1,95,0,
6551,2021-01-28,08.00.04,-5,1,94,4,
6552,2021-01-28,10.00.04,-6,1,94,3,
6553,2021-01-28,12.00.04,-6,0,93,9,
6554,2021-01-28,14.00.04,-5,9,93,2,
6555,2021-01-28,16.00.04,-5,9,93,5,
6556,2021-01-28,18.00.04,-7,6,93,4,
6557,2021-01-28,20.00.04,-7,9,93,9,
6558,2021-01-28,22.00.04,-8,8,94,0,
6559,2021-01-29,00.00.04,-9,1,94,4,
6560,2021-01-29,02.00.04,-9,0,94,8,
6561,2021-01-29,04.00.04,-8,6,94,7,
6562,2021-01-29,06.00.04,-8,2,94,8,
6563,2021-01-29,08.00.04,-8,1,94,7,
6564,2021-01-29,10.00.04,-8,1,94,2,
6565,2021-01-29,12.00.04,-7,8,93,9,
6566,2021-01-29,14.00.04,-6,8,93,1,
6567,2021-01-29,16.00.04,-7,0,93,4,
6568,2021-01-29,18.00.04,-7,8,93,9,
6569,2021-01-29,20.00.04,-8,5,93,9,
6570,2021-01-29,22.00.04,-8,8,93,8,
6571,2021-01-30,00.00.04,-8,9,93,8,
6572,2021-01-30,02.00.04,-8,5,93,9,
6573,2021-01-30,04.00.04,-8,2,93,9,
6574,2021-01-30,06.00.04,-7,9,94,0,
6575,2021-01-30,08.00.04,-7,4,94,2,
6576,2021-01-30,10.00.04,-7,3,93,8,
6577,2021-01-30,12.00.04,-7,9,92,4,
6578,2021-01-30,14.00.04,-8,0,92,3,
6579,2021-01-30,16.00.04,-8,8,92,5,
6580,2021-01-30,18.00.04,-9,7,93,4,
6581,2021-01-30,20.00.04,-10,2,93,5,
6582,2021-01-30,22.00.04,-10,4,93,5,
6583,2021-01-31,00.00.04,-11,2,93,5,
6584,2021-01-31,02.00.04,-11,1,93,7,
6585,2021-01-31,04.00.04,-11,0,93,6,
6586,2021-01-31,06.00.04,-10,9,93,9,
6587,2021-01-31,08.00.04,-10,6,93,7,
6588,2021-01-31,10.00.04,-10,3,93,7,
6589,2021-01-31,12.00.04,-9,3,93,1,
6590,2021-01-31,14.00.04,-8,4,92,3,
6591,2021-01-31,16.00.04,-8,4,92,7,
6592,2021-01-31,18.00.04,-8,6,93,5,
6593,2021-01-31,20.00.04,-9,1,93,5,
6594,2021-01-31,22.00.04,-9,5,93,9,
6595,2021-02-01,00.00.04,-9,4,93,7,
6596,2021-02-01,02.00.04,-10,4,93,4,
6597,2021-02-01,04.00.04,-11,9,93,5,
6598,2021-02-01,06.00.04,-11,7,93,8,
6599,2021-02-01,08.00.04,-13,1,92,8,
6600,2021-02-01,10.00.04,-14,4,93,1,
6601,2021-02-01,12.00.04,-12,5,92,4,
6602,2021-02-01,14.00.04,-11,4,90,7,
6603,2021-02-01,16.00.04,-11,9,91,5,
6604,2021-02-01,18.00.04,-14,4,92,4,
6605,2021-02-01,20.00.04,-14,6,94,3,
6606,2021-02-01,22.00.04,-11,9,93,9,
6607,2021-02-02,00.00.04,-11,1,93,8,
6608,2021-02-02,02.00.04,-11,1,94,2,
6609,2021-02-02,04.00.04,-10,5,93,8,
6610,2021-02-02,06.00.04,-11,7,92,2,
6611,2021-02-02,08.00.04,-17,0,91,9,
6612,2021-02-02,10.00.04,-20,4,91,0,
6613,2021-02-02,12.00.04,-19,5,90,4,
6614,2021-02-02,14.00.04,-14,9,92,6,
6615,2021-02-02,16.00.04,-12,3,91,6,
6616,2021-02-02,18.00.04,-15,7,91,8,
6617,2021-02-02,20.00.04,-17,8,91,4,
6618,2021-02-02,22.00.04,-17,0,92,8,
6619,2021-02-03,00.00.04,-15,3,93,5,
6620,2021-02-03,02.00.04,-13,1,93,5,
6621,2021-02-03,04.00.04,-12,7,93,2,
6622,2021-02-03,06.00.04,-13,1,93,2,
6623,2021-02-03,08.00.04,-13,5,92,9,
6624,2021-02-03,10.00.04,-13,3,93,0,
6625,2021-02-03,12.00.04,-12,2,91,3,
6626,2021-02-03,14.00.04,-11,4,91,7,
6627,2021-02-03,16.00.04,-11,5,91,4,
6628,2021-02-03,18.00.04,-13,8,92,6,
6629,2021-02-03,20.00.04,-15,2,92,4,
6630,2021-02-03,22.00.04,-16,8,91,8,
6631,2021-02-04,00.00.04,-17,9,91,6,
6632,2021-02-04,02.00.04,-18,3,91,6,
6633,2021-02-04,04.00.04,-18,5,91,6,
6634,2021-02-04,06.00.04,-19,1,91,5,
6635,2021-02-04,08.00.04,-18,6,92,5,
6636,2021-02-04,10.00.04,-17,7,92,3,
6637,2021-02-04,12.00.04,-14,3,93,0,
6638,2021-02-04,14.00.04,-11,5,93,0,
6639,2021-02-04,16.00.04,-10,2,92,5,
6640,2021-02-04,18.00.04,-11,8,92,9,
6641,2021-02-04,20.00.04,-13,7,93,2,
6642,2021-02-04,22.00.04,-15,8,92,6,
6643,2021-02-05,00.00.04,-15,6,92,6,
6644,2021-02-05,02.00.04,-17,6,91,6,
6645,2021-02-05,04.00.04,-18,5,91,5,
6646,2021-02-05,06.00.04,-19,2,91,8,
6647,2021-02-05,08.00.04,-20,2,90,4,
6648,2021-02-05,10.00.04,-21,2,89,9,
6649,2021-02-05,12.00.04,-18,5,91,3,
6650,2021-02-05,14.00.04,-14,8,89,1,
6651,2021-02-05,16.00.04,-13,1,91,3,
6652,2021-02-05,18.00.04,-15,9,91,7,
6653,2021-02-05,20.00.04,-17,4,91,6,
6654,2021-02-05,22.00.04,-18,6,91,2,
6655,2021-02-06,00.00.04,-16,5,93,2,
6656,2021-02-06,02.00.04,-14,7,93,1,
6657,2021-02-06,04.00.04,-16,2,91,9,
6658,2021-02-06,06.00.04,-15,8,93,8,
6659,2021-02-06,08.00.04,-13,6,93,5,
6660,2021-02-06,10.00.04,-11,5,94,6,
6661,2021-02-06,12.00.04,-7,6,93,5,
6662,2021-02-06,14.00.04,-6,6,92,3,
6663,2021-02-06,16.00.04,-8,6,91,6,
6664,2021-02-06,18.00.04,-12,0,92,4,
6665,2021-02-06,20.00.04,-15,6,91,7,
6666,2021-02-06,22.00.04,-15,0,91,8,
6667,2021-02-07,00.00.04,-12,8,93,8,
6668,2021-02-07,02.00.04,-11,4,94,0,
6669,2021-02-07,04.00.04,-9,6,94,1,
6670,2021-02-07,06.00.04,-8,4,94,2,
6671,2021-02-07,08.00.04,-8,5,93,8,
6672,2021-02-07,10.00.04,-8,5,94,2,
6673,2021-02-07,12.00.04,-6,6,93,7,
6674,2021-02-07,14.00.04,-5,7,92,9,
6675,2021-02-07,16.00.04,-5,3,92,7,
6676,2021-02-07,18.00.04,-5,6,93,7,
6677,2021-02-07,20.00.04,-6,1,93,9,
6678,2021-02-07,22.00.04,-6,4,93,1,
6679,2021-02-08,00.00.04,-7,3,92,5,
6680,2021-02-08,02.00.04,-8,2,92,7,
6681,2021-02-08,04.00.04,-9,0,92,6,
6682,2021-02-08,06.00.04,-10,7,93,4,
6683,2021-02-08,08.00.04,-12,7,93,6,
6684,2021-02-08,10.00.04,-10,9,93,5,
6685,2021-02-08,12.00.04,-9,6,92,7,
6686,2021-02-08,14.00.04,-8,5,91,7,
6687,2021-02-08,16.00.04,-8,6,92,2,
6688,2021-02-08,18.00.04,-10,1,93,4,
6689,2021-02-08,20.00.04,-10,7,93,4,
6690,2021-02-08,22.00.04,-11,5,93,7,
6691,2021-02-09,00.00.04,-12,5,93,4,
6692,2021-02-09,02.00.04,-13,2,94,0,
6693,2021-02-09,04.00.04,-14,3,93,0,
6694,2021-02-09,06.00.04,-16,1,92,3,
6695,2021-02-09,08.00.04,-18,7,93,9,
6696,2021-02-09,10.00.04,-16,4,92,8,
6697,2021-02-09,12.00.04,-13,9,92,9,
6698,2021-02-09,14.00.04,-10,5,92,2,
6699,2021-02-09,16.00.04,-10,5,92,3,
6700,2021-02-09,18.00.04,-10,7,93,4,
6701,2021-02-09,20.00.04,-11,9,93,1,
6702,2021-02-09,22.00.04,-11,6,93,5,
6703,2021-02-10,00.00.04,-11,3,93,2,
6704,2021-02-10,02.00.04,-11,1,93,4,
6705,2021-02-10,04.00.04,-11,3,92,3,
6706,2021-02-10,06.00.04,-11,1,93,1,
6707,2021-02-10,08.00.04,-11,2,93,2,
6708,2021-02-10,10.00.04,-11,2,93,1,
6709,2021-02-10,12.00.04,-10,4,92,3,
6710,2021-02-10,14.00.04,-9,2,91,2,
6711,2021-02-10,16.00.04,-9,2,91,1,
6712,2021-02-10,18.00.04,-14,0,90,3,
6713,2021-02-10,20.00.04,-17,4,90,3,
6714,2021-02-10,22.00.04,-20,1,90,0,
6715,2021-02-11,00.00.04,-19,2,92,1,
6716,2021-02-11,02.00.04,-19,0,91,9,
6717,2021-02-11,04.00.04,-19,9,91,3,
6718,2021-02-11,06.00.04,-19,5,92,0,
6719,2021-02-11,08.00.04,-19,2,92,0,
6720,2021-02-11,10.00.04,-17,7,92,9,
6721,2021-02-11,12.00.04,-16,5,89,3,
6722,2021-02-11,14.00.04,-13,3,91,0,
6723,2021-02-11,16.00.04,-12,6,91,2,
6724,2021-02-11,18.00.04,-12,7,93,1,
6725,2021-02-11,20.00.04,-12,1,93,8,
6726,2021-02-11,22.00.04,-11,9,93,5,
6727,2021-02-12,00.00.04,-13,5,93,1,
6728,2021-02-12,02.00.04,-13,7,93,9,
6729,2021-02-12,04.00.04,-17,7,88,6,
6730,2021-02-12,06.00.04,-15,2,94,2,
6731,2021-02-12,08.00.04,-12,3,93,8,
6732,2021-02-12,10.00.04,-16,4,88,4,
6733,2021-02-12,12.00.04,-11,9,92,7,
6734,2021-02-12,14.00.04,-8,8,93,3,
6735,2021-02-12,16.00.04,-8,1,92,2,
6736,2021-02-12,18.00.04,-11,0,94,4,
6737,2021-02-12,20.00.04,-9,7,94,3,
6738,2021-02-12,22.00.04,-9,2,94,8,
6739,2021-02-13,00.00.04,-7,2,94,9,
6740,2021-02-13,02.00.04,-7,9,92,6,
6741,2021-02-13,04.00.04,-13,2,93,6,
6742,2021-02-13,06.00.04,-6,7,94,8,
6743,2021-02-13,08.00.04,-7,0,94,4,
6744,2021-02-13,10.00.04,-8,8,93,9,
6745,2021-02-13,12.00.04,-7,1,94,3,
6746,2021-02-13,14.00.04,-3,5,91,8,
6747,2021-02-13,16.00.04,-3,6,92,7,
6748,2021-02-13,18.00.04,-4,2,94,0,
6749,2021-02-13,20.00.04,-4,3,94,3,
6750,2021-02-13,22.00.04,-4,6,94,5,
6751,2021-02-14,00.00.04,-4,9,94,5,
6752,2021-02-14,02.00.04,-5,3,93,8,
6753,2021-02-14,04.00.04,-6,9,94,4,
6754,2021-02-14,06.00.04,-10,5,93,3,
6755,2021-02-14,08.00.04,-11,0,93,5,
6756,2021-02-14,10.00.04,-10,2,93,6,
6757,2021-02-14,12.00.04,-8,3,92,0,
6758,2021-02-14,14.00.04,-7,4,89,3,
6759,2021-02-14,16.00.04,-8,0,91,8,
6760,2021-02-14,18.00.04,-8,8,92,7,
6761,2021-02-14,20.00.04,-8,5,93,4,
6762,2021-02-14,22.00.04,-8,6,92,9,
6763,2021-02-15,00.00.04,-8,9,93,2,
6764,2021-02-15,02.00.04,-9,3,93,2,
6765,2021-02-15,04.00.04,-10,2,93,4,
6766,2021-02-15,06.00.04,-11,6,93,5,
6767,2021-02-15,08.00.04,-13,6,93,0,
6768,2021-02-15,10.00.04,-14,5,95,1,
6769,2021-02-15,12.00.04,-10,4,93,1,
6770,2021-02-15,14.00.04,-7,9,92,1,
6771,2021-02-15,16.00.04,-5,7,91,5,
6772,2021-02-15,18.00.04,-5,8,92,1,
6773,2021-02-15,20.00.04,-8,1,94,4,
6774,2021-02-15,22.00.04,-6,8,93,9,
6775,2021-02-16,00.00.04,-5,7,94,3,
6776,2021-02-16,02.00.04,-5,7,94,4,
6777,2021-02-16,04.00.04,-7,5,94,4,
6778,2021-02-16,06.00.04,-6,5,94,6,
6779,2021-02-16,08.00.04,-6,6,94,2,
6780,2021-02-16,10.00.04,-6,4,94,0,
6781,2021-02-16,12.00.04,-6,8,90,8,
6782,2021-02-16,14.00.04,-7,0,87,6,
6783,2021-02-16,16.00.04,-7,9,88,8,
6784,2021-02-16,18.00.04,-10,5,91,2,
6785,2021-02-16,20.00.04,-14,9,91,1,
6786,2021-02-16,22.00.04,-17,8,90,3,
6787,2021-02-17,00.00.04,-21,8,89,2,
6788,2021-02-17,02.00.04,-23,7,85,6,
6789,2021-02-17,04.00.04,-24,9,88,0,
6790,2021-02-17,06.00.04,-25,7,81,9,
6791,2021-02-17,08.00.04,-26,5,84,5,
6792,2021-02-17,10.00.04,-25,2,86,3,
6793,2021-02-17,12.00.04,-20,1,88,3,
6794,2021-02-17,14.00.04,-14,8,85,3,
6795,2021-02-17,16.00.04,-13,6,83,8,
6796,2021-02-17,18.00.04,-16,8,88,2,
6797,2021-02-17,20.00.04,-22,4,85,2,
6798,2021-02-17,22.00.04,-25,1,84,7,
6799,2021-02-18,00.00.04,-27,0,86,1,
6800,2021-02-18,02.00.04,-28,2,86,2,
6801,2021-02-18,04.00.04,-29,3,83,5,
6802,2021-02-18,06.00.04,-26,8,92,9,
6803,2021-02-18,08.00.04,-24,3,86,3,
6804,2021-02-18,10.00.04,-23,2,88,2,
6805,2021-02-18,12.00.04,-16,5,90,1,
6806,2021-02-18,14.00.04,-12,3,87,6,
6807,2021-02-18,16.00.04,-10,8,89,5,
6808,2021-02-18,18.00.04,-10,8,91,8,
6809,2021-02-18,20.00.04,-10,9,92,6,
6810,2021-02-18,22.00.04,-10,3,92,7,
6811,2021-02-19,00.00.04,-9,7,92,9,
6812,2021-02-19,02.00.04,-9,7,93,0,
6813,2021-02-19,04.00.04,-9,5,93,3,
6814,2021-02-19,06.00.04,-9,3,93,5,
6815,2021-02-19,08.00.04,-9,1,93,6,
6816,2021-02-19,10.00.04,-8,6,93,6,
6817,2021-02-19,12.00.04,-6,9,92,4,
6818,2021-02-19,14.00.04,-4,8,91,0,
6819,2021-02-19,16.00.04,-4,4,91,2,
6820,2021-02-19,18.00.04,-5,8,91,6,
6821,2021-02-19,20.00.04,-6,3,92,6,
6822,2021-02-19,22.00.04,-6,4,92,7,
6823,2021-02-20,00.00.04,-6,8,92,5,
6824,2021-02-20,02.00.04,-7,7,91,1,
6825,2021-02-20,04.00.04,-7,9,92,6,
6826,2021-02-20,06.00.04,-7,9,92,8,
6827,2021-02-20,08.00.04,-7,9,93,0,
6828,2021-02-20,10.00.04,-7,6,92,8,
6829,2021-02-20,12.00.04,-6,8,92,3,
6830,2021-02-20,14.00.04,-6,1,92,3,
6831,2021-02-20,16.00.04,-5,7,93,5,
6832,2021-02-20,18.00.04,-5,5,94,3,
6833,2021-02-20,20.00.04,-5,3,93,9,
6834,2021-02-20,22.00.04,-4,7,94,2,
6835,2021-02-21,00.00.04,-4,1,94,6,
6836,2021-02-21,02.00.04,-3,1,96,0,
6837,2021-02-21,04.00.04,-2,0,97,0,
6838,2021-02-21,06.00.04,0,1,97,9,
6839,2021-02-21,08.00.04,-1,3,97,4,
6840,2021-02-21,10.00.04,-4,2,94,0,
6841,2021-02-21,12.00.04,-4,8,91,7,
6842,2021-02-21,14.00.04,-5,2,91,2,
6843,2021-02-21,16.00.04,-5,9,92,0,
6844,2021-02-21,18.00.04,-7,3,92,7,
6845,2021-02-21,20.00.04,-7,9,92,9,
6846,2021-02-21,22.00.04,-8,1,93,0,
6847,2021-02-22,00.00.04,-8,5,92,8,
6848,2021-02-22,02.00.04,-8,8,93,5,
6849,2021-02-22,04.00.04,-9,2,93,7,
6850,2021-02-22,06.00.04,-9,4,93,7,
6851,2021-02-22,08.00.04,-10,2,93,1,
6852,2021-02-22,10.00.04,-10,8,92,5,
6853,2021-02-22,12.00.04,-9,9,91,2,
6854,2021-02-22,14.00.04,-9,6,90,3,
6855,2021-02-22,16.00.04,-10,0,90,6,
6856,2021-02-22,18.00.04,-10,8,91,5,
6857,2021-02-22,20.00.04,-10,9,92,3,
6858,2021-02-22,22.00.04,-11,0,92,2,
6859,2021-02-23,00.00.04,-11,6,91,9,
6860,2021-02-23,02.00.04,-11,9,92,4,
6861,2021-02-23,04.00.04,-12,2,91,9,
6862,2021-02-23,06.00.04,-12,8,92,4,
6863,2021-02-23,08.00.04,-13,2,92,2,
6864,2021-02-23,10.00.04,-13,0,91,9,
6865,2021-02-23,12.00.04,-12,4,91,8,
6866,2021-02-23,14.00.04,-11,4,92,0,
6867,2021-02-23,16.00.04,-11,0,92,6,
6868,2021-02-23,18.00.04,-11,0,93,3,
6869,2021-02-23,20.00.04,-10,8,93,1,
6870,2021-02-23,22.00.04,-10,6,93,3,
6871,2021-02-24,00.00.04,-10,6,93,7,
6872,2021-02-24,02.00.04,-10,4,93,8,
6873,2021-02-24,04.00.04,-9,9,93,6,
6874,2021-02-24,06.00.04,-9,6,93,6,
6875,2021-02-24,08.00.04,-9,2,93,7,
6876,2021-02-24,10.00.04,-8,7,94,2,
6877,2021-02-24,12.00.04,-7,4,94,2,
6878,2021-02-24,14.00.04,-4,8,94,7,
6879,2021-02-24,16.00.04,-2,5,96,0,
6880,2021-02-24,18.00.04,0,4,97,6,
6881,2021-02-24,20.00.04,1,1,98,2,
6882,2021-02-24,22.00.04,1,5,98,7,
6883,2021-02-25,00.00.04,2,2,99,0,
6884,2021-02-25,02.00.04,2,0,99,0,
6885,2021-02-25,04.00.04,1,7,99,0,
6886,2021-02-25,06.00.04,1,3,99,0,
6887,2021-02-25,08.00.04,1,4,99,2,
6888,2021-02-25,10.00.04,1,7,99,3,
6889,2021-02-25,12.00.04,2,2,99,6,
6890,2021-02-25,14.00.04,2,8,99,7,
6891,2021-02-25,16.00.04,2,5,99,6,
6892,2021-02-25,18.00.04,1,9,99,4,
6893,2021-02-25,20.00.04,1,3,99,4,
6894,2021-02-25,22.00.04,0,9,99,4,
6895,2021-02-26,00.00.04,1,1,99,4,
6896,2021-02-26,02.00.04,1,2,99,6,
6897,2021-02-26,04.00.04,1,0,99,5,
6898,2021-02-26,06.00.04,0,6,99,5,
6899,2021-02-26,08.00.04,0,9,99,7,
6900,2021-02-26,10.00.04,0,8,99,7,
6901,2021-02-26,12.00.04,2,0,99,8,
6902,2021-02-26,14.00.04,2,8,98,1,
6903,2021-02-26,16.00.04,2,6,93,9,
6904,2021-02-26,18.00.04,2,0,94,7,
6905,2021-02-26,20.00.04,1,7,95,9,
6906,2021-02-26,22.00.04,0,8,95,5,
6907,2021-02-27,00.00.04,0,2,95,3,
6908,2021-02-27,02.00.04,-0,2,93,8,
6909,2021-02-27,04.00.04,-0,6,90,4,
6910,2021-02-27,06.00.04,-1,1,88,5,
6911,2021-02-27,08.00.04,-1,9,88,9,
6912,2021-02-27,10.00.04,-2,1,88,8,
6913,2021-02-27,12.00.04,1,4,79,3,
6914,2021-02-27,14.00.04,2,6,79,9,
6915,2021-02-27,16.00.04,3,6,71,1,
6916,2021-02-27,18.00.04,2,4,72,4,
6917,2021-02-27,20.00.04,1,0,76,0,
6918,2021-02-27,22.00.04,0,1,91,6,
6919,2021-02-28,00.00.04,1,1,94,6,
6920,2021-02-28,02.00.04,1,2,93,2,
6921,2021-02-28,04.00.04,1,5,92,0,
6922,2021-02-28,06.00.04,1,9,89,2,
6923,2021-02-28,08.00.04,0,9,91,3,
6924,2021-02-28,10.00.04,2,2,88,7,
6925,2021-02-28,12.00.04,4,8,81,4,
6926,2021-02-28,14.00.04,6,1,74,9,
6927,2021-02-28,16.00.04,6,0,75,2,
6928,2021-02-28,18.00.04,2,8,86,6,
6929,2021-02-28,20.00.04,1,4,90,4,
6930,2021-02-28,22.00.04,2,2,89,9,
6931,2021-03-01,00.00.04,1,9,89,2,
6932,2021-03-01,02.00.04,1,5,89,3,
6933,2021-03-01,04.00.04,0,7,90,0,
6934,2021-03-01,06.00.04,0,8,90,1,
6935,2021-03-01,08.00.04,1,5,87,9,
6936,2021-03-01,10.00.04,3,2,81,0,
6937,2021-03-01,12.00.04,5,2,72,1,
6938,2021-03-01,14.00.04,6,3,67,2,
6939,2021-03-01,16.00.04,5,5,69,8,
6940,2021-03-01,18.00.04,4,0,76,5,
6941,2021-03-01,20.00.04,2,9,78,5,
6942,2021-03-01,22.00.04,3,6,75,2,
6943,2021-03-02,00.00.04,3,1,78,6,
6944,2021-03-02,02.00.04,2,1,82,9,
6945,2021-03-02,04.00.04,1,7,82,6,
6946,2021-03-02,06.00.04,0,7,84,2,
6947,2021-03-02,08.00.04,-0,1,84,9,
6948,2021-03-02,10.00.04,0,2,83,4,
6949,2021-03-02,12.00.04,3,8,68,4,
6950,2021-03-02,14.00.04,4,9,64,7,
6951,2021-03-02,16.00.04,5,0,61,9,
6952,2021-03-02,18.00.04,3,5,65,9,
6953,2021-03-02,20.00.04,1,1,75,9,
6954,2021-03-02,22.00.04,0,0,80,9,
6955,2021-03-03,00.00.04,-0,8,82,8,
6956,2021-03-03,02.00.04,-1,8,87,2,
6957,2021-03-03,04.00.04,-2,0,88,5,
6958,2021-03-03,06.00.04,-3,5,90,3,
6959,2021-03-03,08.00.04,-3,5,91,6,
6960,2021-03-03,10.00.04,-0,9,89,3,
6961,2021-03-03,12.00.04,2,4,81,9,
6962,2021-03-03,14.00.04,2,7,86,3,
6963,2021-03-03,16.00.04,3,9,78,3,
6964,2021-03-03,18.00.04,2,9,81,0,
6965,2021-03-03,20.00.04,0,5,83,9,
6966,2021-03-03,22.00.04,-0,9,85,9,
6967,2021-03-04,00.00.04,-2,1,77,8,
6968,2021-03-04,02.00.04,-2,8,80,3,
6969,2021-03-04,04.00.04,-3,7,84,3,
6970,2021-03-04,06.00.04,-5,1,84,6,
6971,2021-03-04,08.00.04,-6,1,84,2,
6972,2021-03-04,10.00.04,-5,7,81,9,
6973,2021-03-04,12.00.04,-1,3,64,6,
6974,2021-03-04,14.00.04,-1,8,71,2,
6975,2021-03-04,16.00.04,-2,7,81,9,
6976,2021-03-04,18.00.04,-3,6,82,4,
6977,2021-03-04,20.00.04,-5,1,78,4,
6978,2021-03-04,22.00.04,-7,2,78,1,
6979,2021-03-05,00.00.04,-8,9,81,1,
6980,2021-03-05,02.00.04,-10,7,86,3,
6981,2021-03-05,04.00.04,-12,7,90,7,
6982,2021-03-05,06.00.04,-11,1,88,7,
6983,2021-03-05,08.00.04,-11,9,90,7,
6984,2021-03-05,10.00.04,-10,3,89,7,
6985,2021-03-05,12.00.04,-5,1,72,9,
6986,2021-03-05,14.00.04,-3,4,69,8,
6987,2021-03-05,16.00.04,-2,7,65,8,
6988,2021-03-05,18.00.04,-4,4,72,2,
6989,2021-03-05,20.00.04,-8,4,82,2,
6990,2021-03-05,22.00.04,-10,5,87,7,
6991,2021-03-06,00.00.04,-11,8,90,1,
6992,2021-03-06,02.00.04,-14,5,89,5,
6993,2021-03-06,04.00.04,-10,7,91,3,
6994,2021-03-06,06.00.04,-9,3,91,4,
6995,2021-03-06,08.00.04,-8,3,89,4,
6996,2021-03-06,10.00.04,-6,2,89,9,
6997,2021-03-06,12.00.04,-3,7,90,4,
6998,2021-03-06,14.00.04,-0,9,91,0,
6999,2021-03-06,16.00.04,0,8,89,7,
7000,2021-03-06,18.00.04,1,0,88,2,
7001,2021-03-06,20.00.04,-0,4,85,6,
7002,2021-03-06,22.00.04,-3,3,88,9,
7003,2021-03-07,00.00.04,-5,1,80,2,
7004,2021-03-07,02.00.04,-6,8,82,6,
7005,2021-03-07,04.00.04,-7,9,74,6,
7006,2021-03-07,06.00.04,-8,5,78,0,
7007,2021-03-07,08.00.04,-8,5,88,3,
7008,2021-03-07,10.00.04,-7,0,89,7,
7009,2021-03-07,12.00.04,-4,7,86,8,
7010,2021-03-07,14.00.04,-5,4,85,6,
7011,2021-03-07,16.00.04,-5,7,85,8,
7012,2021-03-07,18.00.04,-5,9,87,9,
7013,2021-03-07,20.00.04,-6,4,85,2,
7014,2021-03-07,22.00.04,-6,2,84,8,
7015,2021-03-08,00.00.04,-6,8,84,7,
7016,2021-03-08,02.00.04,-7,3,83,8,
7017,2021-03-08,04.00.04,-10,4,88,5,
7018,2021-03-08,06.00.04,-13,2,91,7,
7019,2021-03-08,08.00.04,-14,3,91,0,
7020,2021-03-08,10.00.04,-12,9,89,6,
7021,2021-03-08,12.00.04,-6,8,73,9,
7022,2021-03-08,14.00.04,-4,8,65,3,
7023,2021-03-08,16.00.04,-5,3,71,5,
7024,2021-03-08,18.00.04,-5,7,76,3,
7025,2021-03-08,20.00.04,-13,9,86,4,
7026,2021-03-08,22.00.04,-14,8,88,9,
7027,2021-03-09,00.00.04,-13,0,89,1,
7028,2021-03-09,02.00.04,-10,2,91,3,
7029,2021-03-09,04.00.04,-9,0,91,0,
7030,2021-03-09,06.00.04,-9,8,90,7,
7031,2021-03-09,08.00.04,-10,0,90,7,
7032,2021-03-09,10.00.04,-9,5,90,2,
7033,2021-03-09,12.00.04,-8,8,87,5,
7034,2021-03-09,14.00.04,-8,8,86,5,
7035,2021-03-09,16.00.04,-9,5,82,9,
7036,2021-03-09,18.00.04,-10,5,80,4,
7037,2021-03-09,20.00.04,-14,5,85,5,
7038,2021-03-09,22.00.04,-16,8,88,1,
7039,2021-03-10,00.00.04,-20,3,85,9,
7040,2021-03-10,02.00.04,-21,4,87,5,
7041,2021-03-10,04.00.04,-24,4,84,6,
7042,2021-03-10,06.00.04,-28,0,82,1,
7043,2021-03-10,08.00.04,-29,2,80,6,
7044,2021-03-10,10.00.04,-23,5,90,7,
7045,2021-03-10,12.00.04,-12,8,68,7,
7046,2021-03-10,14.00.04,-9,9,63,7,
7047,2021-03-10,16.00.04,-8,7,54,1,
7048,2021-03-10,18.00.04,-10,5,55,0,
7049,2021-03-10,20.00.04,-16,4,77,5,
7050,2021-03-10,22.00.04,-14,7,66,0,
7051,2021-03-11,00.00.04,-14,4,63,8,
7052,2021-03-11,02.00.04,-16,1,72,7,
7053,2021-03-11,04.00.04,-16,2,80,5,
7054,2021-03-11,06.00.04,-15,9,82,7,
7055,2021-03-11,08.00.04,-14,8,86,0,
7056,2021-03-11,10.00.04,-12,1,85,2,
7057,2021-03-11,12.00.04,-8,8,86,6,
7058,2021-03-11,14.00.04,-6,0,85,9,
7059,2021-03-11,16.00.04,-5,4,87,3,
7060,2021-03-11,18.00.04,-4,7,88,7,
7061,2021-03-11,20.00.04,-4,3,89,0,
7062,2021-03-11,22.00.04,-5,2,87,5,
7063,2021-03-12,00.00.04,-6,0,88,3,
7064,2021-03-12,02.00.04,-6,0,86,7,
7065,2021-03-12,04.00.04,-5,0,83,3,
7066,2021-03-12,06.00.04,-5,2,88,7,
7067,2021-03-12,08.00.04,-5,3,90,6,
7068,2021-03-12,10.00.04,-4,3,90,3,
7069,2021-03-12,12.00.04,-3,3,89,5,
7070,2021-03-12,14.00.04,-2,7,88,4,
7071,2021-03-12,16.00.04,-2,6,87,8,
7072,2021-03-12,18.00.04,-3,2,88,8,
7073,2021-03-12,20.00.04,-3,3,90,0,
7074,2021-03-12,22.00.04,-3,7,90,9,
7075,2021-03-13,00.00.04,-4,1,92,0,
7076,2021-03-13,02.00.04,-4,3,93,6,
7077,2021-03-13,04.00.04,-4,5,92,8,
7078,2021-03-13,06.00.04,-4,5,92,7,
7079,2021-03-13,08.00.04,-4,5,92,5,
7080,2021-03-13,10.00.04,-3,1,91,4,
7081,2021-03-13,12.00.04,-0,9,91,5,
7082,2021-03-13,14.00.04,0,6,93,7,
7083,2021-03-13,16.00.04,2,0,89,6,
7084,2021-03-13,18.00.04,1,5,90,9,
7085,2021-03-13,20.00.04,0,8,91,0,
7086,2021-03-13,22.00.04,0,2,92,5,
7087,2021-03-14,00.00.04,0,0,94,3,
7088,2021-03-14,02.00.04,0,2,95,1,
7089,2021-03-14,04.00.04,0,2,95,9,
7090,2021-03-14,06.00.04,0,1,96,1,
7091,2021-03-14,08.00.04,0,2,96,5,
7092,2021-03-14,10.00.04,0,6,95,7,
7093,2021-03-14,12.00.04,1,3,92,4,
7094,2021-03-14,14.00.04,2,0,88,4,
7095,2021-03-14,16.00.04,2,0,89,7,
7096,2021-03-14,18.00.04,1,3,92,0,
7097,2021-03-14,20.00.04,0,2,94,3,
7098,2021-03-14,22.00.04,-0,5,95,4,
7099,2021-03-15,00.00.04,0,0,95,7,
7100,2021-03-15,02.00.04,0,0,95,9,
7101,2021-03-15,04.00.04,-0,1,95,8,
7102,2021-03-15,06.00.04,-0,1,95,6,
7103,2021-03-15,08.00.04,-0,1,95,2,
7104,2021-03-15,10.00.04,0,1,93,8,
7105,2021-03-15,12.00.04,0,5,91,8,
7106,2021-03-15,14.00.04,1,5,89,0,
7107,2021-03-15,16.00.04,1,0,88,5,
7108,2021-03-15,18.00.04,0,5,88,6,
7109,2021-03-15,20.00.04,-0,9,90,7,
7110,2021-03-15,22.00.04,-2,3,92,2,
7111,2021-03-16,00.00.04,-1,7,92,2,
7112,2021-03-16,02.00.04,-1,6,93,0,
7113,2021-03-16,04.00.04,-1,8,92,9,
7114,2021-03-16,06.00.04,-1,5,93,7,
7115,2021-03-16,08.00.04,-1,5,94,3,
7116,2021-03-16,10.00.04,-0,8,92,5,
7117,2021-03-16,12.00.04,0,5,90,7,
7118,2021-03-16,14.00.04,1,7,88,2,
7119,2021-03-16,16.00.04,2,6,80,3,
7120,2021-03-16,18.00.04,1,0,86,4,
7121,2021-03-16,20.00.04,-0,7,91,3,
7122,2021-03-16,22.00.04,-0,6,91,4,
7123,2021-03-17,00.00.04,-1,5,90,9,
7124,2021-03-17,02.00.04,-4,3,91,2,
7125,2021-03-17,04.00.04,-1,8,94,0,
7126,2021-03-17,06.00.04,-1,4,93,1,
7127,2021-03-17,08.00.04,-1,7,90,9,
7128,2021-03-17,10.00.04,-1,5,90,6,
7129,2021-03-17,12.00.04,-0,1,87,5,
7130,2021-03-17,14.00.04,1,2,79,8,
7131,2021-03-17,16.00.04,-0,1,83,9,
7132,2021-03-17,18.00.04,-1,0,84,9,
7133,2021-03-17,20.00.04,-2,4,85,9,
7134,2021-03-17,22.00.04,-4,6,87,7,
7135,2021-03-18,00.00.04,-10,3,87,5,
7136,2021-03-18,02.00.04,-10,1,89,2,
7137,2021-03-18,04.00.04,-7,0,94,0,
7138,2021-03-18,06.00.04,-5,7,92,7,
7139,2021-03-18,08.00.04,-7,4,93,4,
7140,2021-03-18,10.00.04,-4,9,82,2,
7141,2021-03-18,12.00.04,-3,0,58,2,
7142,2021-03-18,14.00.04,-1,8,48,9,
7143,2021-03-18,16.00.04,-0,6,43,0,
7144,2021-03-18,18.00.04,-3,2,52,7,
7145,2021-03-18,20.00.04,-5,9,65,7,
7146,2021-03-18,22.00.04,-7,1,74,5,
7147,2021-03-19,00.00.04,-8,3,79,9,
7148,2021-03-19,02.00.04,-9,9,85,5,
7149,2021-03-19,04.00.04,-10,4,85,3,
7150,2021-03-19,06.00.04,-12,1,89,5,
7151,2021-03-19,08.00.04,-13,4,89,9,
7152,2021-03-19,10.00.04,-8,4,79,5,
7153,2021-03-19,12.00.04,-4,0,63,2,
7154,2021-03-19,14.00.04,-3,4,56,0,
7155,2021-03-19,16.00.04,-2,0,49,2,
7156,2021-03-19,18.00.04,-4,6,56,1,
7157,2021-03-19,20.00.04,-10,6,69,2,
7158,2021-03-19,22.00.04,-14,6,80,3,
7159,2021-03-20,00.00.04,-13,8,79,2,
7160,2021-03-20,02.00.04,-9,8,71,8,
7161,2021-03-20,04.00.04,-7,9,74,8,
7162,2021-03-20,06.00.04,-7,1,85,4,
7163,2021-03-20,08.00.04,-6,5,89,9,
7164,2021-03-20,10.00.04,-4,3,91,0,
7165,2021-03-20,12.00.04,-2,2,90,6,
7166,2021-03-20,14.00.04,-0,5,90,9,
7167,2021-03-20,16.00.04,0,2,92,0,
7168,2021-03-20,18.00.04,0,3,94,5,
7169,2021-03-20,20.00.04,0,8,95,7,
7170,2021-03-20,22.00.04,1,6,95,4,
7171,2021-03-21,00.00.04,1,9,95,1,
7172,2021-03-21,02.00.04,1,5,94,2,
7173,2021-03-21,04.00.04,0,3,92,1,
7174,2021-03-21,06.00.04,-0,9,89,0,
7175,2021-03-21,08.00.04,-0,7,87,1,
7176,2021-03-21,10.00.04,0,1,86,9,
7177,2021-03-21,12.00.04,0,5,80,4,
7178,2021-03-21,14.00.04,0,2,77,6,
7179,2021-03-21,16.00.04,1,7,65,4,
7180,2021-03-21,18.00.04,0,3,55,1,
7181,2021-03-21,20.00.04,-1,4,53,7,
7182,2021-03-21,22.00.04,-2,7,54,8,
7183,2021-03-22,00.00.04,-3,4,62,4,
7184,2021-03-22,02.00.04,-4,2,64,2,
7185,2021-03-22,04.00.04,-5,5,72,9,
7186,2021-03-22,06.00.04,-7,3,79,6,
7187,2021-03-22,08.00.04,-8,8,85,2,
7188,2021-03-22,10.00.04,-4,4,75,2,
7189,2021-03-22,12.00.04,1,3,46,0,
7190,2021-03-22,14.00.04,1,2,45,1,
7191,2021-03-22,16.00.04,2,2,42,4,
7192,2021-03-22,18.00.04,-0,8,58,6,
7193,2021-03-22,20.00.04,-4,8,64,8,
7194,2021-03-22,22.00.04,-8,7,77,7,
7195,2021-03-23,00.00.04,-10,1,81,7,
7196,2021-03-23,02.00.04,-8,8,78,5,
7197,2021-03-23,04.00.04,-4,2,71,9,
7198,2021-03-23,06.00.04,-2,7,84,9,
7199,2021-03-23,08.00.04,-1,4,89,9,
7200,2021-03-23,10.00.04,0,8,88,0,
7201,2021-03-23,12.00.04,4,2,81,4,
7202,2021-03-23,14.00.04,6,4,72,9,
7203,2021-03-23,16.00.04,7,8,67,2,
7204,2021-03-23,18.00.04,6,3,71,7,
7205,2021-03-23,20.00.04,2,9,84,0,
7206,2021-03-23,22.00.04,1,8,86,9,
7207,2021-03-24,00.00.04,2,8,83,5,
7208,2021-03-24,02.00.04,1,2,86,5,
7209,2021-03-24,04.00.04,1,1,86,7,
7210,2021-03-24,06.00.04,2,0,83,8,
7211,2021-03-24,08.00.04,2,8,83,7,
7212,2021-03-24,10.00.04,4,8,76,8,
7213,2021-03-24,12.00.04,5,4,74,2,
7214,2021-03-24,14.00.04,2,5,86,8,
7215,2021-03-24,16.00.04,2,7,87,1,
7216,2021-03-24,18.00.04,2,9,84,9,
7217,2021-03-24,20.00.04,2,3,86,3,
7218,2021-03-24,22.00.04,1,8,89,1,
7219,2021-03-25,00.00.04,1,0,90,6,
7220,2021-03-25,02.00.04,-0,1,92,0,
7221,2021-03-25,04.00.04,-0,6,93,7,
7222,2021-03-25,06.00.04,-0,7,94,8,
7223,2021-03-25,08.00.04,0,3,95,6,
7224,2021-03-25,10.00.04,0,8,95,5,
7225,2021-03-25,12.00.04,1,8,93,8,
7226,2021-03-25,14.00.04,3,4,86,6,
7227,2021-03-25,16.00.04,5,6,77,8,
7228,2021-03-25,18.00.04,4,3,78,0,
7229,2021-03-25,20.00.04,1,5,87,0,
7230,2021-03-25,22.00.04,0,5,88,0,
7231,2021-03-26,00.00.04,0,5,88,4,
7232,2021-03-26,02.00.04,1,0,88,3,
7233,2021-03-26,04.00.04,0,3,92,2,
7234,2021-03-26,06.00.04,0,6,92,5,
7235,2021-03-26,08.00.04,-0,2,93,2,
7236,2021-03-26,10.00.04,1,2,92,8,
7237,2021-03-26,12.00.04,6,0,79,7,
7238,2021-03-26,14.00.04,7,4,71,1,
7239,2021-03-26,16.00.04,7,0,69,5,
7240,2021-03-26,18.00.04,5,0,77,4,
7241,2021-03-26,20.00.04,1,8,85,9,
7242,2021-03-26,22.00.04,4,0,82,6,
7243,2021-03-27,00.00.04,0,1,88,6,
7244,2021-03-27,02.00.04,0,5,91,6,
7245,2021-03-27,04.00.04,0,7,89,6,
7246,2021-03-27,06.00.04,0,2,93,5,
7247,2021-03-27,08.00.04,0,5,94,6,
7248,2021-03-27,10.00.04,1,0,93,1,
7249,2021-03-27,12.00.04,2,9,88,0,
7250,2021-03-27,14.00.04,6,7,74,1,
7251,2021-03-27,16.00.04,8,1,68,9,
7252,2021-03-27,18.00.04,7,4,71,8,
7253,2021-03-27,20.00.04,5,2,78,8,
7254,2021-03-27,22.00.04,3,8,82,8,
7255,2021-03-28,00.00.04,3,9,82,7,
7256,2021-03-28,02.00.04,4,0,83,3,
7257,2021-03-28,04.00.04,3,1,85,5,
7258,2021-03-28,06.00.04,1,9,88,9,
7259,2021-03-28,08.00.04,2,3,88,4,
7260,2021-03-28,10.00.04,5,3,79,1,
7261,2021-03-28,12.00.04,7,5,69,7,
7262,2021-03-28,14.00.04,5,4,77,8,
7263,2021-03-28,16.00.04,3,8,82,9,
7264,2021-03-28,18.00.04,4,3,77,1,
7265,2021-03-28,20.00.04,3,7,75,7,
7266,2021-03-28,22.00.04,2,9,83,4,
7267,2021-03-29,00.00.04,2,6,81,2,
7268,2021-03-29,02.00.04,2,2,84,9,
7269,2021-03-29,04.00.04,2,1,86,8,
7270,2021-03-29,06.00.04,1,5,91,2,
7271,2021-03-29,08.00.04,1,8,91,5,
7272,2021-03-29,10.00.04,2,1,91,5,
7273,2021-03-29,12.00.04,2,9,89,5,
7274,2021-03-29,14.00.04,3,1,90,3,
7275,2021-03-29,16.00.04,3,2,91,7,
7276,2021-03-29,18.00.04,3,1,93,0,
7277,2021-03-29,20.00.04,2,9,94,1,
7278,2021-03-29,22.00.04,3,1,94,7,
7279,2021-03-30,00.00.04,3,1,95,2,
7280,2021-03-30,02.00.04,3,3,95,7,
7281,2021-03-30,04.00.04,3,6,96,0,
7282,2021-03-30,06.00.04,1,6,95,5,
7283,2021-03-30,08.00.04,2,0,94,0,
7284,2021-03-30,10.00.04,2,7,88,3,
7285,2021-03-30,12.00.04,7,9,69,3,
7286,2021-03-30,14.00.04,7,2,79,6,
7287,2021-03-30,16.00.04,6,0,83,0,
7288,2021-03-30,18.00.04,7,1,60,4,
7289,2021-03-30,20.00.04,5,4,58,3,
7290,2021-03-30,22.00.04,1,4,79,5,
7291,2021-03-31,00.00.04,1,9,73,2,
7292,2021-03-31,02.00.04,0,9,81,3,
7293,2021-03-31,04.00.04,1,6,80,5,
7294,2021-03-31,06.00.04,1,4,83,0,
7295,2021-03-31,08.00.04,1,8,82,7,
7296,2021-03-31,10.00.04,3,2,78,8,
7297,2021-03-31,12.00.04,8,1,59,4,
7298,2021-03-31,14.00.04,7,5,52,3,
7299,2021-03-31,16.00.04,8,3,52,5,
7300,2021-03-31,18.00.04,6,7,51,6,
7301,2021-03-31,20.00.04,2,7,70,1,
7302,2021-03-31,22.00.04,1,7,79,3,
7303,2021-04-01,00.00.04,1,2,79,4,
7304,2021-04-01,02.00.04,-0,1,83,1,
7305,2021-04-01,04.00.04,-1,1,85,4,
7306,2021-04-01,06.00.04,-1,6,86,7,
7307,2021-04-01,08.00.04,-1,3,86,6,
7308,2021-04-01,10.00.04,3,0,73,9,
7309,2021-04-01,12.00.04,6,9,59,7,
7310,2021-04-01,14.00.04,6,7,56,9,
7311,2021-04-01,16.00.04,7,8,50,5,
7312,2021-04-01,18.00.04,4,9,66,0,
7313,2021-04-01,20.00.04,3,2,70,4,
7314,2021-04-01,22.00.04,0,8,79,4,
7315,2021-04-02,00.00.04,1,3,79,5,
7316,2021-04-02,02.00.04,0,5,82,8,
7317,2021-04-02,04.00.04,-0,1,85,5,
7318,2021-04-02,06.00.04,-1,4,89,2,
7319,2021-04-02,08.00.04,-0,4,88,1,
7320,2021-04-02,10.00.04,2,2,84,0,
7321,2021-04-02,12.00.04,3,7,77,6,
7322,2021-04-02,14.00.04,5,7,66,9,
7323,2021-04-02,16.00.04,5,7,67,9,
7324,2021-04-02,18.00.04,3,8,78,6,
7325,2021-04-02,20.00.04,2,4,81,2,
7326,2021-04-02,22.00.04,1,8,82,6,
7327,2021-04-03,00.00.04,0,7,85,4,
7328,2021-04-03,02.00.04,0,6,85,9,
7329,2021-04-03,04.00.04,-0,2,87,5,
7330,2021-04-03,06.00.04,-0,8,89,5,
7331,2021-04-03,08.00.04,-0,1,86,8,
7332,2021-04-03,10.00.04,0,5,82,4,
7333,2021-04-03,12.00.04,6,1,56,8,
7334,2021-04-03,14.00.04,6,1,52,4,
7335,2021-04-03,16.00.04,6,4,47,7,
7336,2021-04-03,18.00.04,4,8,55,6,
7337,2021-04-03,20.00.04,2,9,58,1,
7338,2021-04-03,22.00.04,0,6,66,6,
7339,2021-04-04,00.00.04,0,4,75,7,
7340,2021-04-04,02.00.04,0,1,85,0,
7341,2021-04-04,04.00.04,0,4,88,2,
7342,2021-04-04,06.00.04,0,8,88,6,
7343,2021-04-04,08.00.04,1,3,87,5,
7344,2021-04-04,10.00.04,4,1,78,0,
7345,2021-04-04,12.00.04,6,1,70,1,
7346,2021-04-04,14.00.04,7,9,61,9,
7347,2021-04-04,16.00.04,8,9,57,1,
7348,2021-04-04,18.00.04,7,5,56,9,
7349,2021-04-04,20.00.04,5,5,66,6,
7350,2021-04-04,22.00.04,2,7,77,7,
7351,2021-04-05,00.00.04,1,5,83,4,
7352,2021-04-05,02.00.04,1,9,86,0,
7353,2021-04-05,04.00.04,2,0,90,5,
7354,2021-04-05,06.00.04,1,8,92,8,
7355,2021-04-05,08.00.04,2,2,93,1,
7356,2021-04-05,10.00.04,2,5,91,5,
7357,2021-04-05,12.00.04,2,9,90,4,
7358,2021-04-05,14.00.04,3,4,87,8,
7359,2021-04-05,16.00.04,2,6,81,6,
7360,2021-04-05,18.00.04,0,4,83,0,
7361,2021-04-05,20.00.04,-0,2,75,9,
7362,2021-04-05,22.00.04,-0,8,81,2,
7363,2021-04-06,00.00.04,-1,6,82,7,
7364,2021-04-06,02.00.04,-1,5,85,2,
7365,2021-04-06,04.00.04,-1,6,90,1,
7366,2021-04-06,06.00.04,-1,2,90,1,
7367,2021-04-06,08.00.04,-0,9,90,1,
7368,2021-04-06,10.00.04,0,2,85,7,
7369,2021-04-06,12.00.04,1,4,77,8,
7370,2021-04-06,14.00.04,1,7,82,7,
7371,2021-04-06,16.00.04,1,7,86,3,
7372,2021-04-06,18.00.04,0,2,90,5,
7373,2021-04-06,20.00.04,0,0,92,8,
7374,2021-04-06,22.00.04,0,1,93,4,
7375,2021-04-07,00.00.04,0,1,93,8,
7376,2021-04-07,02.00.04,0,1,93,9,
7377,2021-04-07,04.00.04,0,2,93,7,
7378,2021-04-07,06.00.04,0,2,93,9,
7379,2021-04-07,08.00.04,0,1,94,1,
7380,2021-04-07,10.00.04,0,5,93,3,
7381,2021-04-07,12.00.04,1,1,92,8,
7382,2021-04-07,14.00.04,1,7,92,5,
7383,2021-04-07,16.00.04,1,9,92,3,
7384,2021-04-07,18.00.04,2,3,92,4,
7385,2021-04-07,20.00.04,0,3,94,6,
7386,2021-04-07,22.00.04,-0,1,95,2,
7387,2021-04-08,00.00.04,-0,5,95,4,
7388,2021-04-08,02.00.04,-1,9,95,0,
7389,2021-04-08,04.00.04,-3,3,93,8,
7390,2021-04-08,06.00.04,-4,6,92,3,
7391,2021-04-08,08.00.04,-3,3,93,3,
7392,2021-04-08,10.00.04,0,1,90,3,
7393,2021-04-08,12.00.04,3,0,89,3,
7394,2021-04-08,14.00.04,1,0,88,8,
7395,2021-04-08,16.00.04,3,9,60,4,
7396,2021-04-08,18.00.04,3,5,50,7,
7397,2021-04-08,20.00.04,1,3,60,0,
7398,2021-04-08,22.00.04,-1,1,76,2,
7399,2021-04-09,00.00.04,-2,7,84,1,
7400,2021-04-09,02.00.04,-3,2,87,4,
7401,2021-04-09,04.00.04,-2,5,83,3,
7402,2021-04-09,06.00.04,-1,9,83,0,
7403,2021-04-09,08.00.04,-0,7,83,5,
7404,2021-04-09,10.00.04,0,7,87,0,
7405,2021-04-09,12.00.04,0,7,90,9,
7406,2021-04-09,14.00.04,0,7,92,7,
7407,2021-04-09,16.00.04,1,2,93,3,
7408,2021-04-09,18.00.04,1,3,93,6,
7409,2021-04-09,20.00.04,1,7,92,5,
7410,2021-04-09,22.00.04,1,4,93,5,
7411,2021-04-10,00.00.04,1,8,93,3,
7412,2021-04-10,02.00.04,1,3,93,9,
7413,2021-04-10,04.00.04,1,0,93,7,
7414,2021-04-10,06.00.04,0,1,94,3,
7415,2021-04-10,08.00.04,0,2,95,0,
7416,2021-04-10,10.00.04,1,4,92,7,
7417,2021-04-10,12.00.04,2,4,87,3,
7418,2021-04-10,14.00.04,4,4,75,3,
7419,2021-04-10,16.00.04,2,7,85,0,
7420,2021-04-10,18.00.04,1,0,89,7,
7421,2021-04-10,20.00.04,0,3,85,7,
7422,2021-04-10,22.00.04,-0,4,83,8,
7423,2021-04-11,00.00.04,0,9,79,7,
7424,2021-04-11,02.00.04,0,2,83,5,
7425,2021-04-11,04.00.04,-1,0,88,1,
7426,2021-04-11,06.00.04,-2,1,89,7,
7427,2021-04-11,08.00.04,-0,8,88,8,
7428,2021-04-11,10.00.04,3,6,64,2,
7429,2021-04-11,12.00.04,7,3,52,4,
7430,2021-04-11,14.00.04,7,6,44,7,
7431,2021-04-11,16.00.04,8,7,43,9,
7432,2021-04-11,18.00.04,5,6,56,5,
7433,2021-04-11,20.00.04,2,5,73,6,
7434,2021-04-11,22.00.04,1,4,80,7,
7435,2021-04-12,00.00.04,1,9,64,6,
7436,2021-04-12,02.00.04,2,1,67,9,
7437,2021-04-12,04.00.04,3,0,65,7,
7438,2021-04-12,06.00.04,0,6,92,2,
7439,2021-04-12,08.00.04,1,8,94,0,
7440,2021-04-12,10.00.04,4,9,87,5,
7441,2021-04-12,12.00.04,10,6,68,0,
7442,2021-04-12,14.00.04,12,6,59,8,
7443,2021-04-12,16.00.04,12,1,63,3,
7444,2021-04-12,18.00.04,10,8,67,5,
7445,2021-04-12,20.00.04,9,1,81,9,
7446,2021-04-12,22.00.04,7,1,88,6,
7447,2021-04-13,00.00.04,7,0,87,7,
7448,2021-04-13,02.00.04,5,7,91,6,
7449,2021-04-13,04.00.04,4,7,90,7,
7450,2021-04-13,06.00.04,2,7,87,6,
7451,2021-04-13,08.00.04,2,4,87,1,
7452,2021-04-13,10.00.04,4,0,84,6,
7453,2021-04-13,12.00.04,6,1,73,2,
7454,2021-04-13,14.00.04,7,9,65,6,
7455,2021-04-13,16.00.04,7,4,57,2,
7456,2021-04-13,18.00.04,6,2,51,2,
7457,2021-04-13,20.00.04,5,2,57,8,
7458,2021-04-13,22.00.04,2,6,70,1,
7459,2021-04-14,00.00.04,-0,9,83,0,
7460,2021-04-14,02.00.04,-0,3,85,6,
7461,2021-04-14,04.00.04,0,2,87,9,
7462,2021-04-14,06.00.04,-1,5,90,4,
7463,2021-04-14,08.00.04,0,1,86,4,
7464,2021-04-14,10.00.04,3,0,68,8,
7465,2021-04-14,12.00.04,4,8,59,6,
7466,2021-04-14,14.00.04,5,5,54,4,
7467,2021-04-14,16.00.04,6,8,48,0,
7468,2021-04-14,18.00.04,5,4,53,8,
7469,2021-04-14,20.00.04,2,3,66,6,
7470,2021-04-14,22.00.04,-0,6,79,1,
7471,2021-04-15,00.00.04,-0,8,78,4,
7472,2021-04-15,02.00.04,-1,8,82,0,
7473,2021-04-15,04.00.04,-2,8,86,4,
7474,2021-04-15,06.00.04,-2,8,87,8,
7475,2021-04-15,08.00.04,-2,0,88,0,
7476,2021-04-15,10.00.04,4,2,74,4,
7477,2021-04-15,12.00.04,8,6,52,8,
7478,2021-04-15,14.00.04,9,4,47,9,
7479,2021-04-15,16.00.04,9,7,47,3,
7480,2021-04-15,18.00.04,7,6,55,3,
7481,2021-04-15,20.00.04,4,3,66,2,
7482,2021-04-15,22.00.04,0,9,80,1,
7483,2021-04-16,00.00.04,-1,1,83,8,
7484,2021-04-16,02.00.04,-1,6,84,0,
7485,2021-04-16,04.00.04,-2,3,84,7,
7486,2021-04-16,06.00.04,-3,0,86,2,
7487,2021-04-16,08.00.04,-1,4,84,6,
7488,2021-04-16,10.00.04,5,2,62,3,
7489,2021-04-16,12.00.04,11,1,41,5,
7490,2021-04-16,14.00.04,12,0,35,8,
7491,2021-04-16,16.00.04,12,5,34,8,
7492,2021-04-16,18.00.04,10,2,46,3,
7493,2021-04-16,20.00.04,5,9,60,7,
7494,2021-04-16,22.00.04,2,3,72,2,
7495,2021-04-17,00.00.04,1,0,79,0,
7496,2021-04-17,02.00.04,-0,7,81,6,
7497,2021-04-17,04.00.04,-1,2,84,7,
7498,2021-04-17,06.00.04,-2,1,84,1,
7499,2021-04-17,08.00.04,-0,4,83,4,
7500,2021-04-17,10.00.04,7,3,52,3,
7501,2021-04-17,12.00.04,13,8,32,5,
7502,2021-04-17,14.00.04,14,5,32,3,
7503,2021-04-17,16.00.04,14,5,32,4,
7504,2021-04-17,18.00.04,11,5,38,2,
7505,2021-04-17,20.00.04,6,7,58,5,
7506,2021-04-17,22.00.04,2,2,74,6,
7507,2021-04-18,00.00.04,0,9,77,2,
7508,2021-04-18,02.00.04,-1,0,81,6,
7509,2021-04-18,04.00.04,-2,3,84,8,
7510,2021-04-18,06.00.04,-3,2,85,1,
7511,2021-04-18,08.00.04,-1,2,86,3,
7512,2021-04-18,10.00.04,7,0,62,1,
7513,2021-04-18,12.00.04,14,5,39,7,
7514,2021-04-18,14.00.04,15,5,36,9,
7515,2021-04-18,16.00.04,16,0,30,1,
7516,2021-04-18,18.00.04,13,4,42,5,
7517,2021-04-18,20.00.04,8,2,55,3,
7518,2021-04-18,22.00.04,4,2,71,5,
7519,2021-04-19,00.00.04,1,9,75,9,
7520,2021-04-19,02.00.04,0,3,81,1,
7521,2021-04-19,04.00.04,-1,6,84,2,
7522,2021-04-19,06.00.04,-1,3,85,2,
7523,2021-04-19,08.00.04,1,8,82,6,
7524,2021-04-19,10.00.04,11,6,47,3,
7525,2021-04-19,12.00.04,14,9,40,8,
7526,2021-04-19,14.00.04,14,9,38,1,
7527,2021-04-19,16.00.04,14,8,35,0,
7528,2021-04-19,18.00.04,13,5,42,4,
7529,2021-04-19,20.00.04,7,9,61,6,
7530,2021-04-19,22.00.04,4,2,71,8,
7531,2021-04-20,00.00.04,0,3,80,7,
7532,2021-04-20,02.00.04,-1,0,83,3,
7533,2021-04-20,04.00.04,-2,1,86,1,
7534,2021-04-20,06.00.04,-3,0,86,4,
7535,2021-04-20,08.00.04,-0,2,84,1,
7536,2021-04-20,10.00.04,8,9,40,2,
7537,2021-04-20,12.00.04,12,7,32,0,
7538,2021-04-20,14.00.04,13,2,33,2,
7539,2021-04-20,16.00.04,13,8,33,0,
7540,2021-04-20,18.00.04,12,6,32,3,
7541,2021-04-20,20.00.04,9,9,36,8,
7542,2021-04-20,22.00.04,3,6,59,3,
7543,2021-04-21,00.00.04,3,2,59,6,
7544,2021-04-21,02.00.04,0,4,70,9,
7545,2021-04-21,04.00.04,-1,7,81,0,
7546,2021-04-21,06.00.04,-2,0,81,7,
7547,2021-04-21,08.00.04,1,8,67,2,
7548,2021-04-21,10.00.04,8,6,48,8,
7549,2021-04-21,12.00.04,12,5,41,5,
7550,2021-04-21,14.00.04,13,0,39,9,
7551,2021-04-21,16.00.04,12,4,39,0,
7552,2021-04-21,18.00.04,10,9,50,5,
7553,2021-04-21,20.00.04,9,2,58,2,
7554,2021-04-21,22.00.04,5,3,67,2,
7555,2021-04-22,00.00.04,2,1,78,0,
7556,2021-04-22,02.00.04,3,3,79,6,
7557,2021-04-22,04.00.04,3,5,81,3,
7558,2021-04-22,06.00.04,3,3,82,7,
7559,2021-04-22,08.00.04,3,8,82,6,
7560,2021-04-22,10.00.04,7,6,69,1,
7561,2021-04-22,12.00.04,10,9,58,9,
7562,2021-04-22,14.00.04,13,5,49,5,
7563,2021-04-22,16.00.04,8,7,76,1,
7564,2021-04-22,18.00.04,7,0,79,8,
7565,2021-04-22,20.00.04,5,3,85,1,
7566,2021-04-22,22.00.04,4,1,86,4,
7567,2021-04-23,00.00.04,0,8,88,2,
7568,2021-04-23,02.00.04,1,1,91,4,
7569,2021-04-23,04.00.04,1,1,92,1,
7570,2021-04-23,06.00.04,0,3,91,7,
7571,2021-04-23,08.00.04,0,3,92,0,
7572,2021-04-23,10.00.04,1,3,89,3,
7573,2021-04-23,12.00.04,2,4,88,4,
7574,2021-04-23,14.00.04,4,3,84,7,
7575,2021-04-23,16.00.04,4,7,74,0,
7576,2021-04-23,18.00.04,3,9,72,9,
7577,2021-04-23,20.00.04,2,7,82,1,
7578,2021-04-23,22.00.04,1,9,84,5,
7579,2021-04-24,00.00.04,1,9,88,3,
7580,2021-04-24,02.00.04,0,9,88,6,
7581,2021-04-24,04.00.04,0,1,87,5,
7582,2021-04-24,06.00.04,-0,3,90,5,
7583,2021-04-24,08.00.04,0,3,88,5,
7584,2021-04-24,10.00.04,1,1,87,4,
7585,2021-04-24,12.00.04,2,9,84,4,
7586,2021-04-24,14.00.04,3,9,81,4,
7587,2021-04-24,16.00.04,3,9,83,0,
7588,2021-04-24,18.00.04,3,1,84,5,
7589,2021-04-24,20.00.04,2,2,83,4,
7590,2021-04-24,22.00.04,1,0,85,8,
7591,2021-04-25,00.00.04,0,0,89,0,
7592,2021-04-25,02.00.04,0,0,89,1,
7593,2021-04-25,04.00.04,0,2,91,2,
7594,2021-04-25,06.00.04,0,4,91,6,
7595,2021-04-25,08.00.04,0,5,90,7,
7596,2021-04-25,10.00.04,1,5,86,9,
7597,2021-04-25,12.00.04,2,0,88,7,
7598,2021-04-25,14.00.04,3,3,87,6,
7599,2021-04-25,16.00.04,3,0,80,5,
7600,2021-04-25,18.00.04,0,7,89,6,
7601,2021-04-25,20.00.04,0,2,91,8,
7602,2021-04-25,22.00.04,-0,1,92,7,
7603,2021-04-26,00.00.04,0,0,93,4,
7604,2021-04-26,02.00.04,0,1,93,8,
7605,2021-04-26,04.00.04,0,1,93,9,
7606,2021-04-26,06.00.04,0,2,94,2,
7607,2021-04-26,08.00.04,0,5,94,3,
7608,2021-04-26,10.00.04,1,6,94,3,
7609,2021-04-26,12.00.04,2,8,91,8,
7610,2021-04-26,14.00.04,3,4,90,1,
7611,2021-04-26,16.00.04,3,3,89,2,
7612,2021-04-26,18.00.04,2,8,88,3,
7613,2021-04-26,20.00.04,1,9,88,7,
7614,2021-04-26,22.00.04,0,7,92,5,
7615,2021-04-27,00.00.04,0,7,93,6,
7616,2021-04-27,02.00.04,0,2,93,8,
7617,2021-04-27,04.00.04,-0,5,93,7,
7618,2021-04-27,06.00.04,-0,9,92,3,
7619,2021-04-27,08.00.04,-0,4,90,4,
7620,2021-04-27,10.00.04,1,5,80,8,
7621,2021-04-27,12.00.04,6,3,53,2,
7622,2021-04-27,14.00.04,4,2,57,7,
7623,2021-04-27,16.00.04,4,1,57,5,
7624,2021-04-27,18.00.04,3,8,65,7,
7625,2021-04-27,20.00.04,2,9,67,9,
7626,2021-04-27,22.00.04,-0,3,83,8,
7627,2021-04-28,00.00.04,-2,0,87,4,
7628,2021-04-28,02.00.04,-2,1,90,0,
7629,2021-04-28,04.00.04,-2,7,90,9,
7630,2021-04-28,06.00.04,-2,6,88,8,
7631,2021-04-28,08.00.04,-1,6,86,8,
7632,2021-04-28,10.00.04,3,1,60,1,
7633,2021-04-28,12.00.04,4,7,50,6,
7634,2021-04-28,14.00.04,5,6,43,7,
7635,2021-04-28,16.00.04,4,9,52,6,
7636,2021-04-28,18.00.04,3,9,63,8,
7637,2021-04-28,20.00.04,2,0,79,9,
7638,2021-04-28,22.00.04,-0,8,88,9,
7639,2021-04-29,00.00.04,-1,1,90,2,
7640,2021-04-29,02.00.04,-2,5,89,7,
7641,2021-04-29,04.00.04,-1,8,91,7,
7642,2021-04-29,06.00.04,-1,6,91,8,
7643,2021-04-29,08.00.04,-1,5,91,0,
7644,2021-04-29,10.00.04,0,1,89,6,
7645,2021-04-29,12.00.04,2,2,84,1,
7646,2021-04-29,14.00.04,5,8,63,6,
7647,2021-04-29,16.00.04,6,1,50,0,
7648,2021-04-29,18.00.04,5,4,67,9,
7649,2021-04-29,20.00.04,2,0,76,2,
7650,2021-04-29,22.00.04,-1,0,84,8,
7651,2021-04-30,00.00.04,-1,5,88,1,
7652,2021-04-30,02.00.04,-2,5,90,1,
7653,2021-04-30,04.00.04,-3,0,90,8,
7654,2021-04-30,06.00.04,-3,7,89,7,
7655,2021-04-30,08.00.04,0,2,84,9,
7656,2021-04-30,10.00.04,4,8,61,7,
7657,2021-04-30,12.00.04,6,9,46,3,
7658,2021-04-30,14.00.04,7,8,45,9,
7659,2021-04-30,16.00.04,7,0,48,1,
7660,2021-04-30,18.00.04,6,0,50,2,
7661,2021-04-30,20.00.04,4,0,62,2,
7662,2021-04-30,22.00.04,0,1,74,5,
7663,2021-05-01,00.00.04,-1,6,82,6,
7664,2021-05-01,02.00.04,-1,7,83,0,
7665,2021-05-01,04.00.04,-1,7,85,6,
7666,2021-05-01,06.00.04,-0,9,85,0,
7667,2021-05-01,08.00.04,0,5,83,7,
7668,2021-05-01,10.00.04,3,3,62,8,
7669,2021-05-01,12.00.04,4,5,47,8,
7670,2021-05-01,14.00.04,5,8,42,1,
7671,2021-05-01,16.00.04,5,5,44,9,
7672,2021-05-01,18.00.04,4,8,46,3,
7673,2021-05-01,20.00.04,3,6,52,8,
7674,2021-05-01,22.00.04,1,3,63,2,
7675,2021-05-02,00.00.04,-1,7,75,8,
7676,2021-05-02,02.00.04,-2,9,82,0,
7677,2021-05-02,04.00.04,-3,7,85,2,
7678,2021-05-02,06.00.04,-4,1,87,0,
7679,2021-05-02,08.00.04,-0,1,79,8,
7680,2021-05-02,10.00.04,5,2,46,7,
7681,2021-05-02,12.00.04,8,0,34,9,
7682,2021-05-02,14.00.04,7,3,43,6,
7683,2021-05-02,16.00.04,7,1,46,9,
7684,2021-05-02,18.00.04,7,4,47,0,
7685,2021-05-02,20.00.04,5,9,51,4,
7686,2021-05-02,22.00.04,2,2,66,8,
7687,2021-05-03,00.00.04,1,3,76,0,
7688,2021-05-03,02.00.04,0,6,74,9,
7689,2021-05-03,04.00.04,-1,9,83,0,
7690,2021-05-03,06.00.04,-2,3,83,7,
7691,2021-05-03,08.00.04,0,2,82,8,
7692,2021-05-03,10.00.04,6,3,53,7,
7693,2021-05-03,12.00.04,8,9,38,1,
7694,2021-05-03,14.00.04,9,5,37,8,
7695,2021-05-03,16.00.04,10,0,38,5,
7696,2021-05-03,18.00.04,8,8,39,5,
7697,2021-05-03,20.00.04,7,0,48,0,
7698,2021-05-03,22.00.04,3,3,61,2,
7699,2021-05-04,00.00.04,1,5,68,4,
7700,2021-05-04,02.00.04,0,1,73,5,
7701,2021-05-04,04.00.04,-0,7,76,8,
7702,2021-05-04,06.00.04,-0,8,78,8,
7703,2021-05-04,08.00.04,2,1,69,7,
7704,2021-05-04,10.00.04,7,6,43,6,
7705,2021-05-04,12.00.04,10,1,41,6,
7706,2021-05-04,14.00.04,10,3,39,1,
7707,2021-05-04,16.00.04,10,2,35,5,
7708,2021-05-04,18.00.04,9,4,37,3,
7709,2021-05-04,20.00.04,7,3,44,6,
7710,2021-05-04,22.00.04,5,1,54,0,
7711,2021-05-05,00.00.04,-0,1,74,2,
7712,2021-05-05,02.00.04,-1,0,80,0,
7713,2021-05-05,04.00.04,-0,7,81,0,
7714,2021-05-05,06.00.04,-1,4,82,3,
7715,2021-05-05,08.00.04,1,2,60,1,
7716,2021-05-05,10.00.04,4,1,51,2,
7717,2021-05-05,12.00.04,6,6,42,8,
7718,2021-05-05,14.00.04,6,4,47,5,
7719,2021-05-05,16.00.04,5,7,52,2,
7720,2021-05-05,18.00.04,5,5,52,4,
7721,2021-05-05,20.00.04,4,5,63,4,
7722,2021-05-05,22.00.04,1,4,86,5,
7723,2021-05-06,00.00.04,0,3,90,6,
7724,2021-05-06,02.00.04,0,2,91,9,
7725,2021-05-06,04.00.04,0,1,92,6,
7726,2021-05-06,06.00.04,0,1,93,0,
7727,2021-05-06,08.00.04,0,2,93,3,
7728,2021-05-06,10.00.04,0,9,92,6,
7729,2021-05-06,12.00.04,2,6,93,1,
7730,2021-05-06,14.00.04,3,1,93,2,
7731,2021-05-06,16.00.04,2,8,92,1,
7732,2021-05-06,18.00.04,2,9,90,7,
7733,2021-05-06,20.00.04,2,1,92,5,
7734,2021-05-06,22.00.04,1,2,93,7,
7735,2021-05-07,00.00.04,0,3,94,3,
7736,2021-05-07,02.00.04,0,2,94,9,
7737,2021-05-07,04.00.04,0,6,95,2,
7738,2021-05-07,06.00.04,0,4,95,4,
7739,2021-05-07,08.00.04,1,3,94,8,
7740,2021-05-07,10.00.04,2,7,87,0,
7741,2021-05-07,12.00.04,4,7,69,2,
7742,2021-05-07,14.00.04,6,3,65,5,
7743,2021-05-07,16.00.04,6,0,65,4,
7744,2021-05-07,18.00.04,5,6,69,2,
7745,2021-05-07,20.00.04,4,3,74,1,
7746,2021-05-07,22.00.04,2,3,77,8,
7747,2021-05-08,00.00.04,1,7,82,9,
7748,2021-05-08,02.00.04,1,0,84,0,
7749,2021-05-08,04.00.04,0,5,85,2,
7750,2021-05-08,06.00.04,0,3,85,9,
7751,2021-05-08,08.00.04,1,5,78,8,
7752,2021-05-08,10.00.04,6,3,58,0,
7753,2021-05-08,12.00.04,9,9,40,7,
7754,2021-05-08,14.00.04,10,2,40,0,
7755,2021-05-08,16.00.04,10,5,44,7,
7756,2021-05-08,18.00.04,7,2,58,5,
7757,2021-05-08,20.00.04,4,9,78,4,
7758,2021-05-08,22.00.04,1,5,82,5,
7759,2021-05-09,00.00.04,0,1,78,8,
7760,2021-05-09,02.00.04,-0,9,77,2,
7761,2021-05-09,04.00.04,-2,2,83,7,
7762,2021-05-09,06.00.04,-2,7,86,4,
7763,2021-05-09,08.00.04,2,4,80,7,
7764,2021-05-09,10.00.04,8,3,43,9,
7765,2021-05-09,12.00.04,11,6,47,3,
7766,2021-05-09,14.00.04,12,3,49,0,
7767,2021-05-09,16.00.04,9,0,71,5,
7768,2021-05-09,18.00.04,6,7,83,1,
7769,2021-05-09,20.00.04,6,3,86,2,
7770,2021-05-09,22.00.04,6,1,84,5,
7771,2021-05-10,00.00.04,4,6,85,3,
7772,2021-05-10,02.00.04,4,1,90,0,
7773,2021-05-10,04.00.04,4,5,90,6,
7774,2021-05-10,06.00.04,4,7,91,6,
7775,2021-05-10,08.00.04,5,3,92,1,
7776,2021-05-10,10.00.04,6,1,92,0,
7777,2021-05-10,12.00.04,7,7,91,9,
7778,2021-05-10,14.00.04,10,3,90,8,
7779,2021-05-10,16.00.04,10,8,90,3,
7780,2021-05-10,18.00.04,11,2,87,0,
7781,2021-05-10,20.00.04,10,7,85,6,
7782,2021-05-10,22.00.04,11,4,84,5,
7783,2021-05-11,00.00.04,13,2,75,5,
7784,2021-05-11,02.00.04,12,1,77,4,
7785,2021-05-11,04.00.04,11,4,78,2,
7786,2021-05-11,06.00.04,11,7,77,5,
7787,2021-05-11,08.00.04,13,4,73,5,
7788,2021-05-11,10.00.04,17,3,61,3,
7789,2021-05-11,12.00.04,19,9,55,7,
7790,2021-05-11,14.00.04,22,7,52,7,
7791,2021-05-11,16.00.04,23,4,47,8,
7792,2021-05-11,18.00.04,23,5,45,3,
7793,2021-05-11,20.00.04,21,5,44,4,
7794,2021-05-11,22.00.04,17,9,52,5,
7795,2021-05-12,00.00.04,14,7,61,9,
7796,2021-05-12,02.00.04,10,8,73,5,
7797,2021-05-12,04.00.04,8,1,80,1,
7798,2021-05-12,06.00.04,7,5,84,2,
7799,2021-05-12,08.00.04,14,8,64,1,
7800,2021-05-12,10.00.04,20,2,47,8,
7801,2021-05-12,12.00.04,23,5,38,3,
7802,2021-05-12,14.00.04,24,2,33,2,
7803,2021-05-12,16.00.04,24,8,31,5,
7804,2021-05-12,18.00.04,23,7,28,5,
7805,2021-05-12,20.00.04,21,9,35,6,
7806,2021-05-12,22.00.04,15,1,55,3,
7807,2021-05-13,00.00.04,12,2,68,6,
7808,2021-05-13,02.00.04,11,0,70,8,
7809,2021-05-13,04.00.04,10,3,73,6,
7810,2021-05-13,06.00.04,10,2,75,6,
7811,2021-05-13,08.00.04,16,1,61,4,
7812,2021-05-13,10.00.04,22,5,46,6,
7813,2021-05-13,12.00.04,25,4,38,7,
7814,2021-05-13,14.00.04,26,4,34,9,
7815,2021-05-13,16.00.04,25,9,32,6,
7816,2021-05-13,18.00.04,25,4,36,4,
7817,2021-05-13,20.00.04,23,6,39,6,
7818,2021-05-13,22.00.04,17,1,53,4,
7819,2021-05-14,00.00.04,13,6,68,8,
7820,2021-05-14,02.00.04,10,7,76,2,
7821,2021-05-14,04.00.04,9,6,81,7,
7822,2021-05-14,06.00.04,9,3,84,6,
7823,2021-05-14,08.00.04,13,5,79,2,
7824,2021-05-14,10.00.04,20,6,48,5,
7825,2021-05-14,12.00.04,22,4,42,2,
7826,2021-05-14,14.00.04,18,0,52,1,
7827,2021-05-14,16.00.04,13,6,76,3,
7828,2021-05-14,18.00.04,12,9,85,3,
7829,2021-05-14,20.00.04,12,7,84,5,
7830,2021-05-14,22.00.04,10,3,87,0,
7831,2021-05-15,00.00.04,8,0,90,1,
7832,2021-05-15,02.00.04,6,3,90,2,
7833,2021-05-15,04.00.04,4,8,89,9,
7834,2021-05-15,06.00.04,8,1,91,4,
7835,2021-05-15,08.00.04,11,5,83,7,
7836,2021-05-15,10.00.04,17,3,68,7,
7837,2021-05-15,12.00.04,19,2,63,1,
7838,2021-05-15,14.00.04,19,3,60,0,
7839,2021-05-15,16.00.04,16,5,75,5,
7840,2021-05-15,18.00.04,15,4,87,7,
7841,2021-05-15,20.00.04,15,3,79,8,
7842,2021-05-15,22.00.04,13,8,85,0,
7843,2021-05-16,00.00.04,10,0,86,2,
7844,2021-05-16,02.00.04,9,9,91,8,
7845,2021-05-16,04.00.04,10,2,91,7,
7846,2021-05-16,06.00.04,9,0,91,8,
7847,2021-05-16,08.00.04,10,0,88,1,
7848,2021-05-16,10.00.04,13,5,76,2,
7849,2021-05-16,12.00.04,17,4,67,2,
7850,2021-05-16,14.00.04,19,1,57,4,
7851,2021-05-16,16.00.04,20,2,47,2,
7852,2021-05-16,18.00.04,19,5,49,1,
7853,2021-05-16,20.00.04,16,9,54,2,
7854,2021-05-16,22.00.04,12,7,73,2,
7855,2021-05-17,00.00.04,9,6,80,5,
7856,2021-05-17,02.00.04,6,1,85,9,
7857,2021-05-17,04.00.04,4,9,88,9,
7858,2021-05-17,06.00.04,3,1,88,9,
7859,2021-05-17,08.00.04,11,4,82,0,
7860,2021-05-17,10.00.04,15,8,71,5,
7861,2021-05-17,12.00.04,21,2,55,0,
7862,2021-05-17,14.00.04,21,4,55,3,
7863,2021-05-17,16.00.04,20,4,54,3,
7864,2021-05-17,18.00.04,16,8,74,2,
7865,2021-05-17,20.00.04,13,1,88,6,
7866,2021-05-17,22.00.04,12,4,90,7,
7867,2021-05-18,00.00.04,10,9,90,7,
7868,2021-05-18,02.00.04,9,3,92,2,
7869,2021-05-18,04.00.04,8,4,92,3,
7870,2021-05-18,06.00.04,9,0,92,9,
7871,2021-05-18,08.00.04,9,3,92,8,
7872,2021-05-18,10.00.04,10,1,89,4,
7873,2021-05-18,12.00.04,13,7,79,8,
7874,2021-05-18,14.00.04,16,2,71,5,
7875,2021-05-18,16.00.04,18,4,51,1,
7876,2021-05-18,18.00.04,18,0,58,5,
7877,2021-05-18,20.00.04,16,1,69,6,
7878,2021-05-18,22.00.04,13,7,75,1,
7879,2021-05-19,00.00.04,11,8,88,2,
7880,2021-05-19,02.00.04,10,8,91,5,
7881,2021-05-19,04.00.04,11,0,92,4,
7882,2021-05-19,06.00.04,10,5,93,1,
7883,2021-05-19,08.00.04,10,1,93,3,
7884,2021-05-19,10.00.04,10,4,93,9,
7885,2021-05-19,12.00.04,11,0,94,2,
7886,2021-05-19,14.00.04,11,5,94,6,
7887,2021-05-19,16.00.04,11,6,94,2,
7888,2021-05-19,18.00.04,10,3,93,9,
7889,2021-05-19,20.00.04,9,5,94,1,
7890,2021-05-19,22.00.04,8,5,94,2,
7891,2021-05-20,00.00.04,8,2,94,5,
7892,2021-05-20,02.00.04,8,2,94,9,
7893,2021-05-20,04.00.04,8,0,95,0,
7894,2021-05-20,06.00.04,7,7,94,9,
7895,2021-05-20,08.00.04,8,3,94,4,
7896,2021-05-20,10.00.04,10,4,89,4,
7897,2021-05-20,12.00.04,12,4,86,5,
7898,2021-05-20,14.00.04,13,5,81,3,
7899,2021-05-20,16.00.04,14,8,78,4,
7900,2021-05-20,18.00.04,15,0,74,9,
7901,2021-05-20,20.00.04,13,8,79,9,
7902,2021-05-20,22.00.04,11,6,82,3,
7903,2021-05-21,00.00.04,10,5,85,0,
7904,2021-05-21,02.00.04,8,8,90,5,
7905,2021-05-21,04.00.04,7,6,92,2,
7906,2021-05-21,06.00.04,6,5,92,5,
7907,2021-05-21,08.00.04,6,1,93,2,
7908,2021-05-21,10.00.04,5,9,93,9,
7909,2021-05-21,12.00.04,6,1,94,1,
7910,2021-05-21,14.00.04,6,2,93,6,
7911,2021-05-21,16.00.04,6,1,92,0,
7912,2021-05-21,18.00.04,5,4,90,4,
7913,2021-05-21,20.00.04,3,6,92,1,
7914,2021-05-21,22.00.04,2,1,92,4,
7915,2021-05-22,00.00.04,1,0,93,7,
7916,2021-05-22,02.00.04,1,8,94,0,
7917,2021-05-22,04.00.04,2,6,93,9,
7918,2021-05-22,06.00.04,3,3,94,3,
7919,2021-05-22,08.00.04,4,2,93,7,
7920,2021-05-22,10.00.04,5,5,93,7,
7921,2021-05-22,12.00.04,7,4,90,4,
7922,2021-05-22,14.00.04,9,7,85,5,
7923,2021-05-22,16.00.04,11,8,77,1,
7924,2021-05-22,18.00.04,12,4,69,9,
7925,2021-05-22,20.00.04,10,7,80,1,
7926,2021-05-22,22.00.04,7,4,86,8,
7927,2021-05-23,00.00.04,5,6,90,1,
7928,2021-05-23,02.00.04,4,8,92,4,
7929,2021-05-23,04.00.04,4,5,92,0,
7930,2021-05-23,06.00.04,4,6,92,3,
7931,2021-05-23,08.00.04,6,2,86,0,
7932,2021-05-23,10.00.04,11,0,73,3,
7933,2021-05-23,12.00.04,13,3,63,8,
7934,2021-05-23,14.00.04,13,4,67,8,
7935,2021-05-23,16.00.04,14,3,66,0,
7936,2021-05-23,18.00.04,14,6,60,9,
7937,2021-05-23,20.00.04,12,7,67,5,
7938,2021-05-23,22.00.04,10,0,70,4,
7939,2021-05-24,00.00.04,5,9,81,9,
7940,2021-05-24,02.00.04,3,7,86,0,
7941,2021-05-24,04.00.04,3,2,87,7,
7942,2021-05-24,06.00.04,2,6,85,2,
7943,2021-05-24,08.00.04,3,6,83,9,
7944,2021-05-24,10.00.04,5,9,80,7,
7945,2021-05-24,12.00.04,8,3,74,0,
7946,2021-05-24,14.00.04,10,2,68,0,
7947,2021-05-24,16.00.04,10,4,66,8,
7948,2021-05-24,18.00.04,10,8,65,9,
7949,2021-05-24,20.00.04,10,1,67,4,
7950,2021-05-24,22.00.04,7,1,80,3,
7951,2021-05-25,00.00.04,3,0,86,3,
7952,2021-05-25,02.00.04,1,1,88,7,
7953,2021-05-25,04.00.04,-0,6,89,7,
7954,2021-05-25,06.00.04,-0,3,92,0,
7955,2021-05-25,08.00.04,6,2,86,1,
7956,2021-05-25,10.00.04,11,5,61,4,
7957,2021-05-25,12.00.04,13,4,58,5,
7958,2021-05-25,14.00.04,14,2,56,6,
7959,2021-05-25,16.00.04,15,3,52,2,
7960,2021-05-25,18.00.04,15,2,55,8,
7961,2021-05-25,20.00.04,13,6,61,0,
7962,2021-05-25,22.00.04,11,1,70,1,
7963,2021-05-26,00.00.04,7,1,82,9,
7964,2021-05-26,02.00.04,6,7,84,6,
7965,2021-05-26,04.00.04,7,9,84,9,
7966,2021-05-26,06.00.04,8,4,82,3,
7967,2021-05-26,08.00.04,10,0,73,1,
7968,2021-05-26,10.00.04,11,6,69,3,
7969,2021-05-26,12.00.04,10,9,71,0,
7970,2021-05-26,14.00.04,11,6,66,8,
7971,2021-05-26,16.00.04,9,3,78,6,
7972,2021-05-26,18.00.04,7,3,86,3,
7973,2021-05-26,20.00.04,6,0,91,9,
7974,2021-05-26,22.00.04,5,2,92,8,
7975,2021-05-27,00.00.04,4,9,93,5,
7976,2021-05-27,02.00.04,5,7,94,1,
7977,2021-05-27,04.00.04,6,6,94,4,
7978,2021-05-27,06.00.04,7,1,94,7,
7979,2021-05-27,08.00.04,8,3,94,9,
7980,2021-05-27,10.00.04,9,1,93,5,
7981,2021-05-27,12.00.04,11,9,76,8,
7982,2021-05-27,14.00.04,12,2,74,4,
7983,2021-05-27,16.00.04,11,8,82,5,
7984,2021-05-27,18.00.04,10,3,91,7,
7985,2021-05-27,20.00.04,9,2,93,8,
7986,2021-05-27,22.00.04,9,0,94,5,
7987,2021-05-28,00.00.04,8,2,94,9,
7988,2021-05-28,02.00.04,8,8,95,2,
7989,2021-05-28,04.00.04,8,2,95,4,
7990,2021-05-28,06.00.04,8,1,95,6,
7991,2021-05-28,08.00.04,8,2,95,8,
7992,2021-05-28,10.00.04,9,0,95,8,
